5 0.15740749554340397 0.8275354741559711 0.07782328392876577 0.07963003292120663
5 0.23802946081601234 0.7658903595329818 0.09466962427257494 0.08946513469920414
5 0.41632927701578104 0.7809793166642539 0.08445548779530171 0.08099986108160451
4 0.6157992505311014 0.680943013626497 0.07888660663864189 0.10527215842921867
4 0.7214248956419547 0.6175946137839166 0.08078946598213788 0.1247320572536269
5 0.937468144288512 0.5643194914125254 0.09588688462179207 0.10560561548841163
5 0.923273104488983 0.6797351851224125 0.07424135131802867 0.07253458746400443
0 0.08931657318900525 0.5787883208801479 0.1786331463780105 0.5972140471247113
0 0.14923731444684202 0.4491567126993347 0.29847462889368404 0.768417956871157
0 0.33244093833685173 0.49200466642667406 0.2668677708747913 0.6875052481935338
0 0.5415861524394042 0.4332322314518786 0.2844837994153068 0.6498321263775082
0 0.7259587073150702 0.3605413391417248 0.27648039756021225 0.6418234621467074
0 0.9199688370804567 0.42131208231982287 0.16006232583908653 0.3822408359153071
0 0.8961918300626093 0.5486176200483047 0.17642408299664947 0.3828205976297124
