5 0.511475 0.310103 0.11572300000000002 0.13348099999999996
2 0.36718800000000007 0.33665199999999995 0.10058600000000001 0.10103200000000001
4 0.258789 0.31452800000000003 0.092773 0.084808
5 0.089844 0.684735 0.06933599999999998 0.12315600000000004
3 0.17334 0.7197640000000001 0.09375 0.13126800000000005
4 0.356445 0.91666675 0.13574200000000003 0.16666650000000005
0 0.9497069999999999 0.634956 0.09960899999999995 0.3362830000000001
0 0.790039 0.548304 0.17871100000000006 0.509587
0 0.686523 0.47492600000000007 0.078125 0.35988200000000004
0 0.591553 0.452434 0.12841800000000003 0.269174
0 0.4689940000000001 0.590708 0.12353500000000006 0.6961650000000001
0 0.36792 0.507006 0.11084 0.396018
0 0.243408 0.538348 0.13622999999999996 0.5604719999999999
0 0.017578000000000003 0.665192 0.03418 0.5309729999999999
0 0.183838 0.830015 0.14111299999999996 0.30604699999999996
0 0.083008 0.792404 0.09179700000000002 0.331121
3 0.37841800000000003 0.818215 0.08496100000000001 0.06268399999999996
3 0.5222170000000002 0.98119475 0.12353500000000006 0.03761049999999999
