4 0.7544 0.3721590000000001 0.03359999999999996 0.03409099999999998
4 0.6632 0.35227299999999995 0.040000000000000036 0.03977300000000006
4 0.30560000000000004 0.440341 0.04159999999999997 0.03977300000000006
4 0.24000000000000005 0.45738599999999996 0.04159999999999997 0.04545500000000002
4 0.20639999999999997 0.4005680000000001 0.03520000000000001 0.03409099999999998
0 0.7624 0.19886400000000004 0.05600000000000005 0.38068199999999996
0 0.6599999999999999 0.20028400000000007 0.06559999999999999 0.372159
0 0.3144 0.2556819999999999 0.0464 0.39772700000000005
0 0.2368 0.252841 0.07040000000000002 0.4375
0 0.19039999999999996 0.2244319999999999 0.06720000000000004 0.3806820000000001
