4 0.3855032953630704 0.17809519834002585 0.13656114567251293 0.17249327071137902
4 0.31704065543431514 0.3959945425460464 0.0681869392784244 0.08341280914795851
4 0.355650751667555 0.49591656082416125 0.041807096532057664 0.04667933454886364
4 0.31354804244548024 0.7101080162802005 0.173227282761642 0.13973077246311671
4 0.41166373773316073 0.8553528475907847 0.1017497096265676 0.10905756238371467
4 0.40364653720639465 0.9180393840694575 0.06423112272632076 0.0398709411784155
5 0.36884457869169296 0.28457331525053525 0.02084165888062961 0.021450814699745746
1 0.7322013647893579 0.1373214917446239 0.35453316839844307 0.21933083263835823
1 0.520449808050399 0.3694120489941827 0.22544559879183224 0.12069500277081541
1 0.46826000546595276 0.5073284707852928 0.1105785273489549 0.07160062321450733
1 0.7125477593622862 0.6874667187440852 0.49338606361632087 0.3088532004051847
1 0.6229635684155297 0.8767445838646819 0.2303594325776125 0.11708166362509187
1 0.5451033053164479 0.9247141798803218 0.17495716203579087 0.03975482627570592
0 0.650023167560249 0.14750117566659132 0.6999536648795021 0.2724701469253178
0 0.6395271680443733 0.37482229061715033 0.7209456639112536 0.16749145117314007
0 0.5298587418543541 0.5015102548598043 0.3958860825404279 0.0999019092979957
0 0.6044107615002599 0.6954785223072528 0.7911784769994803 0.3324846753862599
0 0.6551528857589477 0.8586573958483659 0.5688228202242797 0.15468964854864553
0 0.4745934282814559 0.9279899122914588 0.20575033618300326 0.057758753829849074
1 0.4591781083604916 0.7667718454140625 0.0539050043041861 0.031980437496621494
0 0.4652894731310733 0.7608950333070452 0.06662615023381169 0.03617541903086763
