5 0.568528003642823 0.9059850678186459 0.021429045099780053 0.024547155799576004
5 0.6606084220948207 0.8393203987202973 0.061141993687448215 0.058647894323870964
5 0.5560181580871069 0.7656884092126091 0.06298248070750256 0.0411816522262376
4 0.5763980003433911 0.7087585486407593 0.05125826758455343 0.045961955151885614
5 0.598902222455917 0.6480378016407509 0.04230206138745918 0.0431628337815988
4 0.6048696520577315 0.6126941500072607 0.03574165526557349 0.02882888103471737
4 0.6314088051265191 0.4994949382490778 0.021150997145472417 0.021581059012326098
4 0.625328392813315 0.46052867008313714 0.015795376030234287 0.020099238000932385
5 0.6085737449226645 0.5826237174386073 0.03020064648195875 0.02536942357950822
5 0.6185102611625803 0.5521403784242152 0.030293306767889994 0.02635788392294247
5 0.6310778999386764 0.5219036861955455 0.02456697741241287 0.020921505780864602
5 0.715803579609716 0.36379479579836643 0.03472868437310106 0.036572825983153145
1 0.4758537668722331 0.8185107472245197 0.1968726283140857 0.07823068919929999
1 0.46456610630768264 0.7501347600071049 0.10112065180523155 0.0584757689808747
1 0.47635901909321776 0.6904049281149932 0.11395692255238282 0.06555842169033288
1 0.4961365359426925 0.6399004176539407 0.10711846847618978 0.04825837215620166
1 0.5268961336776923 0.604387607067201 0.09344812096263005 0.03227814484194014
1 0.5302288025454398 0.578271664532718 0.08421315105428134 0.02651285958788918
1 0.5379512681806368 0.5430925335517283 0.10129947883478141 0.041833533670689094
1 0.5687072277177498 0.5170540788497187 0.054204385783011566 0.02174022844925083
1 0.5796567148501379 0.4946435918957351 0.05448236664080497 0.024705609479554247
1 0.5818381717017203 0.46193719703403596 0.05421087932532398 0.04035938444630538
1 0.6139182664576085 0.34626596491350914 0.12180178688222187 0.056494654522027454
0 0.5357056506079364 0.8974228447305943 0.10997841993102897 0.04166734110718695
0 0.4713924150977718 0.9038601274968938 0.35160910228215136 0.05941871306965352
0 0.4279346616977395 0.8105283389026562 0.5191151608806868 0.12117755329424873
0 0.46549284336002233 0.7402487250588671 0.22928447005633756 0.09008842781185922
0 0.43568894638406636 0.6806081095230692 0.3040773306304082 0.1088590814588285
0 0.51321929262182 0.6370135477066798 0.21865939456947958 0.0694940901354516
0 0.49656659495877886 0.597555146255011 0.2427493006141508 0.04823419935157447
0 0.5448193935690266 0.5736558151630564 0.16916122504672754 0.04231567744009279
0 0.5416452293053705 0.5414445199768323 0.18550613634675034 0.04972723726152384
0 0.568201133698244 0.513017328489298 0.14829470230136094 0.042319155455124324
0 0.5756419802777608 0.49027793442334167 0.13823214916891635 0.046275451593324635
0 0.5585287694329757 0.4462888432214944 0.18634670665547143 0.07724396786338161
0 0.5808244261072409 0.3217210597467335 0.3387126389606314 0.14444338000203308
