5 0.646883 0.7646870000000001 0.06063200000000002 0.06437499999999996
5 0.6746369999999999 0.27125 0.092229 0.08499999999999996
1 0.496584 0.7575000000000001 0.21093099999999998 0.09124999999999994
1 0.461144 0.2571879999999999 0.286934 0.09187500000000004
1 0.3317679999999999 0.47531299999999993 0.057216000000000045 0.030625000000000013
1 0.11016199999999998 0.024062250000000007 0.05465399999999998 0.048124500000000014
0 0.394108 0.787812 0.6054649999999999 0.15312500000000007
0 0.40307400000000004 0.252812 0.635354 0.145625
0 0.327925 0.468437 0.15029899999999996 0.06562500000000004
0 0.133646 0.025937249999999967 0.13065800000000005 0.051874499999999935
