5 0.5934193144468684 0.008591223983373605 0.02647247802981112 0.01718244796674721
5 0.6355828606031759 0.03198209447452423 0.04442378626892651 0.03497868733374197
5 0.5798430077456662 0.09389022925023942 0.03163886626633994 0.02992401414198867
5 0.638651617657164 0.21167321694972885 0.03254408066338055 0.022087314776623262
5 0.8021425797251613 0.28487886032715304 0.06689439611949177 0.05385098177700898
5 0.7260132403879727 0.6388736781988282 0.07541932017087016 0.04877013495127114
1 0.4980382567231407 0.03614614063648378 0.17693246355702819 0.07229228127296757
1 0.6201010460066771 0.30956039550935766 0.2408558849561725 0.1356932969437844
0 0.4397926965217119 0.03445103148979976 0.35568404231778217 0.06890206297959953
0 0.4277090162654882 0.06804811083817655 0.4730839115080288 0.1360962216763531
0 0.49867128504894376 0.10117394096561702 0.19346627598619537 0.07214000917936254
0 0.4580402402892889 0.17599940206210143 0.32558974868186263 0.10747780278740611
0 0.49484034277286104 0.2234956288164548 0.3222298151083986 0.11485629237698924
0 0.4970790160648395 0.3511227228833125 0.6917284922738784 0.2545484985742934
0 0.6253404848024177 0.6369207670688448 0.2661701728362782 0.14442142011501014
0 0.5404459062018467 0.8895436005337879 0.2713264769045477 0.1974230564706294
