5 0.9021 0.23014099999999998 0.05615199999999998 0.057905999999999985
5 0.8349609999999998 0.224944 0.04882799999999998 0.04602800000000001
5 0.753906 0.231626 0.035155999999999965 0.040089000000000014
5 0.6716310000000001 0.247587 0.049316000000000026 0.04528600000000002
5 0.609375 0.270973 0.045897999999999994 0.03563500000000003
5 0.617432 0.23905 0.036621000000000015 0.026725999999999972
2 0.796387 0.241277 0.04492200000000002 0.043059000000000014
2 0.5268549999999999 0.220861 0.04980499999999999 0.05716399999999999
2 0.567383 0.221975 0.03710900000000006 0.044543
3 0.512695 0.19562 0.043944999999999956 0.040831000000000006
3 0.467041 0.216407 0.04052699999999998 0.04528599999999999
1 0.909424 0.430586 0.10497999999999996 0.213808
1 0.721436 0.402747 0.09228499999999995 0.205642
1 0.8083499999999999 0.403489 0.07470699999999997 0.19673300000000005
1 0.6208499999999999 0.448775 0.07470699999999997 0.19673299999999994
1 0.536133 0.4098 0.08496100000000001 0.19450599999999996
1 0.488525 0.316258 0.04052699999999998 0.103935
1 0.455078 0.37861900000000004 0.046875 0.194506
0 0.912842 0.44135099999999994 0.10986300000000004 0.47884199999999993
0 0.841553 0.263549 0.062011999999999956 0.127691
0 0.811523 0.460282 0.09765599999999997 0.484039
0 0.724365 0.460282 0.10888699999999996 0.54046
0 0.751709 0.248701 0.041503999999999985 0.09057199999999999
0 0.6657709999999999 0.269859 0.060058999999999974 0.09279899999999999
0 0.6308590000000001 0.504826 0.10742200000000002 0.49888600000000005
0 0.538818 0.438753 0.11572300000000002 0.47512999999999994
0 0.434814 0.343356 0.08154300000000003 0.31403099999999995
0 0.477295 0.2951 0.07080099999999995 0.25464
