4 0.706383 0.840426 0.04893599999999987 0.035460999999999965
4 0.62766 0.32624099999999995 0.04468099999999997 0.07375900000000002
4 0.669681 0.5333330000000001 0.03510599999999997 0.04538999999999993
4 0.614362 0.548936 0.05212799999999995 0.039716000000000085
4 0.33776600000000007 0.617021 0.03510599999999997 0.036878999999999995
4 0.246809 0.611348 0.04042599999999996 0.02836900000000009
1 0.7026600000000001 0.752482 0.041489 0.07801400000000003
1 0.664894 0.4453899999999999 0.04893600000000009 0.11914900000000006
0 0.7042550000000001 0.724113 0.08936199999999994 0.2737590000000001
0 0.675532 0.46737600000000007 0.06595700000000004 0.16595700000000002
0 0.607979 0.475177 0.06276599999999999 0.18439700000000003
0 0.645745 0.26666700000000004 0.12340399999999996 0.187234
0 0.344681 0.5787229999999999 0.05319099999999999 0.13049600000000006
0 0.250532 0.5702130000000001 0.07340400000000002 0.13333300000000003
