4 0.7769877120636652 0.09236422398054747 0.06964845866806102 0.06783294274029487
4 0.645449186858713 0.13762549059602058 0.06026270581074211 0.06971833994276735
4 0.6289825418898457 0.2526130589481522 0.05778717272463885 0.0719407213073961
5 0.5433639446046107 0.16555795977739973 0.07051614940793072 0.05030198147807155
5 0.2669138877256777 0.2037603443247357 0.04881096544570698 0.04690040191936928
4 0.08355665139794077 0.26037713377426563 0.07880401624443273 0.0612501131240239
4 0.013731597931241407 0.18298811134671436 0.027463195862482814 0.05960762330035391
1 0.7139068492661687 0.2367002638697429 0.1262848662574032 0.13386090742891757
1 0.6371980112319527 0.42996463518958505 0.10721407172336361 0.18448029370800695
1 0.5482134961196167 0.3360108556094698 0.10537710204672823 0.1644732134460679
1 0.2509756683016309 0.39170689795826075 0.11360775548770555 0.1742481233761924
1 0.02763187987005399 0.3827340095820759 0.05526375974010798 0.16232532950365464
0 0.7380070663283087 0.21610110287208686 0.16256784076285768 0.312539067951268
0 0.6527445334770576 0.5357396561223732 0.12949192769705076 0.6413114985474759
0 0.5394917839131801 0.33467047337620714 0.13554411970133773 0.39440251658335185
0 0.25640007312920715 0.3431786222989992 0.12381144084196705 0.34813872477786584
0 0.08618180619373647 0.5716086457330593 0.1719146116100067 0.6808699390967439
0 0.021203396036264005 0.33685162181759076 0.04240679207252801 0.4001343830628519
0 0.6545647133097758 0.17367221421085025 0.07676827799474639 0.143161695473161
