4 0.3642228187947447 0.3230788435628862 0.08490378075981586 0.09823999952986179
4 0.4936500407457952 0.6819763234562006 0.04721203829003345 0.04682313851354625
4 0.5092723519294109 0.6296133054069167 0.09120868281016381 0.08166339142657231
4 0.47434329993412594 0.576592736493972 0.05617582760334733 0.057965442922626065
4 0.40139476327171997 0.5053298023314108 0.05405985059021834 0.058986365324015855
4 0.4351666376972765 0.41001844450542885 0.07254393572378359 0.06553494723032649
4 0.4050818526776465 0.3827657902544863 0.04721203829003351 0.04682313851354625
1 0.5982087851257412 0.6575903252277111 0.15093889776716451 0.090541747957532
1 0.6622984703252041 0.5775410334338749 0.223628741300127 0.12990389516668965
1 0.618214707859976 0.5444097526467816 0.18519247991658083 0.10688226822822511
1 0.5561645992237598 0.4674705526338478 0.20312005854320841 0.12916687704638508
1 0.6147176142913113 0.37193196154081876 0.2449592977999998 0.15151378315819608
1 0.586197267557906 0.25021146781711784 0.27576087532799637 0.17725290011748407
0 0.5950943148775083 0.24736529409993607 0.5493894410801197 0.2530593093032386
0 0.6449762815694708 0.3509669082942495 0.4945436433259274 0.20895390885446932
0 0.4663050441910808 0.36404358980159945 0.19062073176061733 0.10039530726812823
0 0.6233905123776583 0.44025647504255994 0.5193738107160966 0.21243922746870408
0 0.6682442130878636 0.519974786022531 0.4485702554952734 0.17120017143016358
0 0.7028076797328404 0.5639182512279586 0.4935346815675371 0.20074049419322254
0 0.6482347052563884 0.6460010088588601 0.3670434325298467 0.16123834716020935
