4 0.70651 0.183796 0.13697900000000007 0.14907399999999998
4 0.5205730000000001 0.275 0.13802099999999995 0.20185199999999998
4 0.36927099999999996 0.110185 0.145833 0.2
4 0.07447899999999996 0.22638900000000003 0.09062499999999996 0.14722200000000002
4 0.045572999999999975 0.224537 0.09114599999999995 0.14722199999999996
1 0.858333 0.554167 0.23229199999999994 0.5916669999999999
1 0.544792 0.70416675 0.23229199999999994 0.5916665000000001
1 0.329427 0.66666675 0.24531199999999997 0.6666665
1 0.05833325 0.739815 0.1166665 0.52037
1 0.15781300000000004 0.737037 0.11666699999999997 0.52037
0 0.845052 0.49537 0.307812 0.9888890000000001
0 0.539844 0.583333 0.23072899999999996 0.8333329999999999
0 0.3166670000000001 0.500463 0.31562499999999993 0.999074
0 0.07916700000000004 0.564352 0.15833299999999995 0.8712960000000001
