5 0.542262682523233 0.94747035927007 0.054132274901818045 0.02813478505408329
5 0.518087885435178 0.3959491892721624 0.03965295534440599 0.0386915908929964
5 0.48121585289400626 0.23856261277200452 0.038949359181312815 0.044344585262214326
5 0.5252198286282219 0.050129510059044396 0.035895757529312955 0.02096615377069102
5 0.6413858631144692 0.013337158735446575 0.03282802410082075 0.02667431747089315
5 0.7981609098031952 0.1417553209897361 0.05030129374040859 0.04295488399491254
5 0.85570097524117 0.3236381109764507 0.03544012129641383 0.050588216975810674
5 0.5813365297903886 0.8995709097108309 0.12373266035734765 0.14159208833733716
0 0.6392175102376236 0.4221732399435394 0.295801131756012 0.09034047563274489
0 0.5874105219061407 0.21924383773744593 0.23986059637917234 0.13665314293705613
0 0.6317493564518675 0.08534367971018504 0.2541658920327895 0.069582901120681
0 0.711586909752651 0.030716426381398664 0.18635798161404848 0.06143285276279733
0 0.8851392786187923 0.17761510430241417 0.22972144276241546 0.12403067817231124
0 0.9198213504784424 0.32536610084135353 0.16035729904311524 0.11756959821422813
