2 0.5556989999999999 0.252586 0.04922300000000002 0.05000000000000002
2 0.49352300000000004 0.485345 0.033679000000000014 0.03275899999999998
3 0.599741 0.662069 0.059585 0.03793100000000005
3 0.646373 0.810345 0.038859999999999895 0.03448300000000004
3 0.5971500000000001 0.855172 0.04922300000000002 0.03448300000000004
0 0.43264199999999997 0.45 0.17098400000000002 0.09999999999999998
0 0.43134700000000004 0.25 0.313472 0.07586199999999999
0 0.5077720000000001 0.681897 0.25388599999999995 0.08448299999999997
0 0.545337 0.808621 0.25129499999999994 0.08620700000000003
0 0.5556989999999999 0.859483 0.16321200000000002 0.05344800000000005
