2 0.7176359999999999 0.26375000000000004 0.14821799999999996 0.13250000000000006
2 0.745779 0.428125 0.11819900000000005 0.08624999999999994
2 0.733583 0.57375 0.09005599999999991 0.05750000000000011
3 0.754221 0.6443749999999999 0.138837 0.09625000000000006
3 0.863039 0.736875 0.19512200000000002 0.13124999999999998
0 0.409006 0.18187500000000006 0.7954970000000001 0.24624999999999997
0 0.557223 0.4275 0.48780500000000004 0.1975
0 0.48029999999999995 0.8018750000000001 0.9605999999999999 0.23624999999999996
0 0.41275799999999996 0.6737500000000001 0.806754 0.16000000000000003
0 0.56379 0.5675 0.4371480000000001 0.08250000000000002
0 0.529081 0.971875 0.938086 0.04874999999999996
