0 0.649189 0.60342 0.07026999999999994 0.7703580000000001
0 0.491351 0.56759 0.11351400000000011 0.7443
0 0.43351399999999995 0.32899 0.05189200000000005 0.143322
0 0.341622 0.546417 0.06270299999999995 0.513029
0 0.3016219999999999 0.491042 0.04540500000000003 0.41205200000000003
0 0.21891900000000003 0.49674299999999993 0.061621999999999955 0.41368099999999997
0 0.16540500000000002 0.521173 0.05837800000000004 0.45928299999999994
0 0.05081100000000005 0.431596 0.028108000000000022 0.16286599999999996
0 0.09459499999999998 0.412866 0.018378000000000005 0.13192199999999998
0 0.07945899999999989 0.427524 0.024865000000000026 0.15146600000000005
0 0.12162199999999995 0.371336 0.02270300000000003 0.05211699999999997
5 0.651892 0.246743 0.060540999999999956 0.05374599999999999
5 0.511892 0.220684 0.06810800000000006 0.06026100000000001
5 0.44486499999999995 0.281759 0.03567600000000004 0.03257300000000002
5 0.356757 0.333876 0.056216000000000044 0.05863200000000002
5 0.3 0.311075 0.04864900000000005 0.05211699999999997
5 0.21999999999999992 0.307003 0.05945900000000004 0.04723100000000002
5 0.15891900000000003 0.316775 0.06270299999999995 0.057003000000000026
