5 0.122396 0.222656 0.140625 0.083984
5 0.186632 0.341797 0.053819000000000006 0.054688000000000014
5 0.264757 0.6069339999999999 0.06770799999999999 0.018554999999999988
5 0.135417 0.8144530000000001 0.14236099999999996 0.08789100000000005
1 0.360243 0.16748 0.30381900000000006 0.12793
1 0.46701400000000004 0.337402 0.3090280000000001 0.11425799999999997
1 0.452257 0.614746 0.25868099999999994 0.032227000000000006
1 0.363715 0.729004 0.32118099999999994 0.10449200000000003
1 0.625 0.931152 0.13888900000000004 0.137695
0 0.52691 0.177734 0.9184030000000001 0.119141
0 0.570312 0.344727 0.814236 0.12304700000000002
0 0.448785 0.615234 0.42881900000000006 0.050780999999999965
0 0.523438 0.760742 0.8697920000000001 0.16601599999999994
0 0.763021 0.915039 0.473958 0.1699219999999999
