5 0.5325975743574187 0.08685514774386255 0.04018764637342587 0.05117563694393674
5 0.4213614858174913 0.4398260591418752 0.043049478160083976 0.04223916241311776
5 0.9503058799357471 0.5850992978932887 0.05163586785566876 0.06634626768600282
5 0.8417152509068166 0.4043950966497476 0.05000059413377045 0.04235745611675873
5 0.74575140443555 0.6368561436882809 0.04135479689522159 0.03194109511822785
1 0.9856955160503238 0.5620738100973106 0.028608967899352522 0.0953483564513613
1 0.7793396555393386 0.699432042170441 0.07838890221437123 0.109590488289525
1 0.46195950131079777 0.5424696125149635 0.08615828624629951 0.12170381897508081
0 0.9577748451936038 0.6284694222281416 0.08445030961279243 0.29513466245790737
0 0.8887110644648538 0.5671988435478347 0.1969117197401944 0.3858815772965951
0 0.7592467654966519 0.7124631477134717 0.16378764643509325 0.20560920751863687
0 0.5775171757624069 0.19289224942284272 0.13213197718497793 0.2940663211314942
0 0.47869567724839185 0.5901716367796104 0.15818382749179205 0.3488506456957506
