1 0.8084673639897078 0.47511632333491544 0.08639154436172436 0.10235494858960237
1 0.6923004757540854 0.4337933042682752 0.06505231553584778 0.0811037350639538
1 0.5872374336882922 0.41696608916954697 0.14357503098952673 0.17307845188113846
1 0.4069750609850552 0.3719686266463594 0.154256514194895 0.19221682092808157
1 0.27188568147158654 0.337450018540244 0.16292011907183268 0.15703545565602373
0 0.8620958387392824 0.5478803972556325 0.1264188803343289 0.2552777300799999
0 0.7981345829918911 0.5281491619270424 0.1595992619687049 0.2908033733378681
0 0.7407458110520704 0.477523400813103 0.08490618182792409 0.1542414707525156
0 0.6838053258107117 0.4793662119622267 0.13285908773081823 0.24425481186888265
0 0.5432842600489967 0.5364829929596209 0.30592266007513647 0.5995990599214451
0 0.3826327522513926 0.4599473095536576 0.2773824134692393 0.5446181270846806
0 0.23079630807761942 0.47237631133152536 0.3413494484668429 0.6279915468466111
