4 0.024747655174192463 0.3127657832320241 0.049495310348384926 0.15158301216065395
4 0.10127353887907917 0.5477644599268405 0.09092531966586047 0.09567343255058769
5 0.0934669628489383 0.6444081660094045 0.13866015193283465 0.12305152543638875
4 0.17649295924030656 0.9573780512401092 0.09279712818320204 0.08524389751978156
4 0.21475591011996453 0.9780477090272828 0.12757294965480392 0.04390458194543445
1 0.2844435838301568 0.23614833949241437 0.4281813523153175 0.31394547264842465
1 0.3713066341517093 0.5629298671398539 0.35767207889892316 0.2686258101213447
1 0.4329592595254893 0.8719568401277262 0.35604375554592854 0.25608631974454765
0 0.4568911681091345 0.21579773748078082 0.913782336218269 0.3972859623873288
0 0.4768393483757839 0.42520530970413883 0.8599159836703762 0.32932374114989926
0 0.4964116067619675 0.5172522310344829 0.992823213523935 0.4620563735444198
0 0.5451727854046134 0.8109011778371992 0.9096544291907731 0.37819764432560166
