3 0.331625 0.157227 0.045387999999999984 0.046875
3 0.396779 0.248047 0.04392400000000002 0.04296899999999998
3 0.40556400000000004 0.344727 0.03806700000000002 0.04492200000000002
4 0.404832 0.438477 0.03953099999999998 0.04296899999999998
4 0.431186 0.523926 0.045387999999999984 0.04199200000000003
4 0.39385100000000006 0.5878910000000002 0.04392400000000002 0.03906200000000004
3 0.40702799999999995 0.6801759999999999 0.035138999999999976 0.03808599999999995
3 0.385798 0.754883 0.04246 0.04101599999999994
3 0.3616400000000001 0.854004 0.04392400000000002 0.04199200000000003
0 0.625915 0.869629 0.5724740000000001 0.09863299999999997
0 0.640556 0.768555 0.5519770000000002 0.09765599999999997
0 0.649341 0.6855469999999999 0.516837 0.08007799999999998
0 0.639092 0.598633 0.528551 0.08398400000000006
0 0.657394 0.52002 0.500732 0.06738299999999997
0 0.644949 0.437012 0.525622 0.09082000000000001
0 0.650073 0.33984400000000003 0.5241580000000001 0.08593800000000001
0 0.647877 0.24804699999999996 0.554905 0.10742199999999999
0 0.612006 0.148926 0.612006 0.10644500000000001
1 0.508785 0.145508 0.20351399999999997 0.099609
1 0.562958 0.23925799999999997 0.21815500000000004 0.09179699999999999
1 0.577599 0.334473 0.20351399999999997 0.09082000000000001
1 0.557101 0.435059 0.17130299999999998 0.08886700000000003
1 0.600293 0.520508 0.21376299999999998 0.0625
1 0.540996 0.59668 0.15959000000000007 0.09765599999999997
1 0.56735 0.688477 0.19472899999999999 0.078125
1 0.547584 0.765137 0.20497799999999994 0.092773
1 0.521962 0.864258 0.21522700000000006 0.08398400000000006
