1 0.601807 0.6066909999999999 0.061446 0.05244100000000007
1 0.598193 0.47468400000000005 0.025301000000000018 0.023507999999999973
1 0.6415660000000001 0.4941229999999999 0.022892000000000023 0.018986999999999976
1 0.5746990000000001 0.391501 0.15903600000000007 0.061482999999999954
1 0.5373490000000001 0.3408679999999999 0.11566299999999996 0.05605800000000005
5 0.516867 0.617993 0.050602000000000036 0.04249500000000006
5 0.429518 0.41998199999999997 0.037348999999999966 0.053344999999999976
4 0.434337 0.359403 0.03252999999999995 0.035262000000000016
5 0.5403609999999999 0.468354 0.018071999999999977 0.025316000000000005
5 0.61988 0.5013560000000001 0.015662999999999982 0.017178999999999944
0 0.658434 0.608951 0.34096400000000004 0.08047000000000004
0 0.636747 0.49773999999999996 0.08072299999999999 0.038878999999999886
0 0.608434 0.4566 0.15180700000000003 0.05244099999999996
0 0.660843 0.4028030000000001 0.4855419999999999 0.08770299999999998
0 0.627108 0.32685400000000003 0.4156629999999999 0.09131999999999996
