4 0.49804499999999996 0.645161 0.106549 0.08797699999999997
4 0.28347999999999995 0.684751 0.08406599999999997 0.07917900000000011
1 0.530303 0.36803500000000006 0.15347 0.34604099999999993
1 0.278104 0.4120230000000001 0.16128999999999993 0.29911999999999994
1 0.766373 0.21334299999999995 0.052786 0.10703799999999997
1 0.019061999999999968 0.14369499999999996 0.03812300000000002 0.055718000000000045
0 0.554252 0.34457499999999996 0.15640299999999996 0.6891499999999999
0 0.28054699999999994 0.360704 0.16031300000000004 0.721408
0 0.76784 0.18621700000000002 0.057674 0.25219899999999995
0 0.025904000000000094 0.12023499999999998 0.051807999999999965 0.205279
