4 0.09558216663711949 0.8295020553708548 0.1205907747982443 0.12952440799439247
5 0.33337812531983524 0.7684011163459175 0.11993851222974072 0.12616554501287292
4 0.6049488754994474 0.7577898650744822 0.13747275573126505 0.1358489904132658
5 0.824027261451941 0.7348610443910621 0.1581953921937992 0.15982013216084878
0 0.10268879557257989 0.44663506357253385 0.20537759114515977 0.8932701271450677
0 0.31637278785129513 0.395436339748229 0.27190123875759664 0.790872679496458
0 0.5761357960611423 0.3657807535704776 0.2621005415839473 0.7315615071409552
0 0.8149476086777403 0.36349530024544335 0.23932455908792016 0.7269906004908867
1 0.09468892195440462 0.3997231835413516 0.18937784390880924 0.5260182565823488
1 0.30718690421627326 0.3354037572443684 0.23792432143958925 0.517864970999267
1 0.5838436981423066 0.3075002087529697 0.23743465677693804 0.5596107482875075
1 0.8162284425065884 0.2803670652028422 0.24741173456621945 0.5607341304056844
