2 0.12377900000000003 0.512355 0.038574 0.04215100000000005
5 0.19616699999999998 0.571221 0.038329999999999975 0.03997099999999998
4 0.26025399999999993 0.556141 0.03808599999999995 0.04033399999999998
5 0.358154 0.507086 0.03759800000000002 0.03960800000000003
5 0.456665 0.491461 0.036864999999999926 0.04033399999999998
5 0.55896 0.499818 0.039795000000000025 0.044694999999999985
5 0.6370849999999999 0.362282 0.03637699999999999 0.03851700000000002
4 0.6408690000000001 0.47438199999999997 0.038574 0.044694999999999985
5 0.72522 0.5032699999999999 0.03930699999999998 0.039243999999999946
2 0.789795 0.503997 0.036621000000000015 0.037790999999999964
4 0.5599369999999999 0.116642 0.03588899999999995 0.03997099999999999
4 0.473633 0.129724 0.03417999999999999 0.03633700000000001
0 0.110962 0.719477 0.095947 0.44985500000000006
0 0.19238299999999997 0.7456400000000001 0.0751949999999999 0.3895350000000001
0 0.27356 0.744004 0.09692400000000001 0.413154
0 0.356323 0.717297 0.09497100000000003 0.45639499999999994
0 0.451782 0.705669 0.10766600000000004 0.471657
0 0.5465089999999999 0.704215 0.08276399999999995 0.45421500000000004
0 0.635132 0.695131 0.095947 0.4723840000000001
0 0.720703 0.705669 0.08984400000000003 0.443314
0 0.805542 0.70258 0.09692400000000001 0.430596
0 0.639893 0.4133359999999999 0.06396500000000005 0.13481099999999996
0 0.4646 0.305051 0.09423800000000004 0.380451
0 0.553955 0.306686 0.10449200000000003 0.42441899999999994
1 0.468994 0.255451 0.07763699999999996 0.140988
1 0.5567629999999999 0.24673 0.07690399999999997 0.16497099999999998
1 0.11682100000000001 0.6402619999999999 0.08960000000000001 0.168605
1 0.189087 0.707122 0.07104500000000002 0.16424400000000006
1 0.263794 0.689317 0.07983399999999996 0.16497099999999998
1 0.357422 0.668423 0.09082000000000012 0.200218
1 0.452515 0.652435 0.1052249999999999 0.21475299999999997
1 0.5498049999999999 0.610647 0.07470699999999997 0.15515999999999996
1 0.633057 0.6066499999999999 0.08593799999999996 0.16533399999999998
1 0.7227779999999999 0.6130090000000001 0.09252899999999997 0.14534900000000006
1 0.79895 0.656613 0.09106400000000003 0.21293600000000001
1 0.6318360000000001 0.451853 0.06591800000000003 0.078125
