5 0.877778 0.591146 0.011110999999999982 0.007292000000000076
5 0.9504630000000001 0.56875 0.012036999999999964 0.01041700000000012
3 0.9351849999999999 0.498958 0.014814999999999912 0.010416999999999899
4 0.95 0.47239600000000004 0.018519000000000063 0.012499999999999956
2 0.939352 0.4395829999999999 0.010185 0.009375000000000022
0 0.905556 0.5877600000000001 0.09814800000000001 0.014063000000000048
0 0.8930560000000001 0.564323 0.11574099999999998 0.027603999999999962
0 0.902315 0.501042 0.09166700000000005 0.022917000000000076
0 0.9 0.46979200000000004 0.109259 0.022916999999999965
0 0.909259 0.434896 0.088889 0.021874999999999978
