5 0.9245124092855136 0.46007660539722817 0.022807687350204775 0.028583879386032296
3 0.8246677378542563 0.46508278529074526 0.018448723210762408 0.02181062557858482
2 0.6331833298212284 0.5020320283979637 0.019232852959894742 0.0201748584839736
5 0.46673014910520366 0.41300614555669735 0.022475609249409723 0.022928989459127802
5 0.7570910284140958 0.47952254958468377 0.019790648880485096 0.022183310870641293
0 0.9453144947995591 0.5506007977700516 0.10200573966115656 0.21559830884831982
0 0.8431421051222738 0.5237922027708672 0.07799556660707907 0.1514519718575954
0 0.7785211843463964 0.5514771318273504 0.08570223028318535 0.17027926707348617
0 0.6514398949322002 0.5521460823299981 0.09735030316909998 0.1586807903724164
0 0.4755884904058262 0.4657291195211428 0.06034902252990615 0.10575993678633178
