3 0.201169 0.40522900000000006 0.05175300000000005 0.056645
3 0.28714500000000004 0.401961 0.05342199999999997 0.050109000000000015
3 0.35392300000000004 0.3878 0.05008299999999999 0.04357299999999997
3 0.40150300000000005 0.422658 0.04841399999999996 0.04357300000000003
3 0.4724540000000001 0.35512 0.05008299999999999 0.04357300000000003
3 0.49916499999999997 0.411765 0.0500830000000001 0.04357299999999997
3 0.603506 0.384532 0.05175299999999994 0.045752000000000015
3 0.639399 0.335512 0.05008299999999999 0.04357299999999997
3 0.7437400000000001 0.340959 0.04841400000000007 0.045752000000000015
3 0.7111850000000001 0.405229 0.06010000000000004 0.04357299999999997
3 0.811352 0.415033 0.05676100000000006 0.050109000000000015
1 0.28380599999999995 0.576253 0.100167 0.19389999999999996
1 0.390651 0.586057 0.100167 0.19607799999999997
1 0.602671 0.555556 0.100167 0.20043600000000006
1 0.707012 0.582789 0.108514 0.18954199999999993
1 0.812187 0.600218 0.108514 0.21132899999999993
0 0.17612700000000003 0.656863 0.11519199999999996 0.5511979999999999
0 0.28130200000000005 0.655773 0.10517500000000002 0.553377
0 0.344741 0.445534 0.08180299999999996 0.16775600000000002
0 0.3906509999999999 0.666667 0.09682800000000003 0.518519
0 0.457429 0.41830100000000003 0.06343900000000002 0.17864900000000006
0 0.49916499999999997 0.660131 0.10684500000000008 0.553377
0 0.595159 0.666667 0.11519199999999996 0.6100220000000001
0 0.705342 0.676471 0.11519199999999996 0.56427
0 0.8230379999999999 0.690632 0.11352299999999993 0.5838780000000001
0 0.751252 0.39106799999999997 0.066778 0.16775599999999996
0 0.6427379999999999 0.38780000000000003 0.066778 0.15686300000000003
