1 0.15947 0.402315 0.07096000000000001 0.178485
1 0.4556819999999999 0.367824 0.066919 0.135552
1 0.44734799999999997 0.6898219999999999 0.08156599999999997 0.23347799999999996
1 0.570328 0.379161 0.06893899999999997 0.172697
1 0.731439 0.343946 0.04368700000000003 0.094549
4 0.494066 0.295466 0.04267700000000002 0.061263999999999985
4 0.631061 0.28823 0.03888899999999995 0.09117200000000003
4 0.737374 0.268693 0.028282999999999947 0.03376699999999999
0 0.15947 0.520984 0.08055599999999999 0.6348290000000001
0 0.470707 0.6835499999999999 0.10101000000000004 0.291365
0 0.444949 0.433671 0.10404000000000002 0.359865
0 0.5897730000000001 0.4939700000000001 0.10580800000000001 0.48432200000000003
0 0.73346 0.372648 0.06489900000000004 0.256151
