5 0.08474433226200695 0.4593008374171309 0.02504368467426757 0.024210439306367182
5 0.1150817949497056 0.42460134535572347 0.021506715126424464 0.023059968274914577
4 0.17502510761768103 0.39417778504950785 0.01847516552768344 0.022073895325575965
3 0.24255678008516718 0.3741984409055256 0.023180592077574946 0.02681663136955259
2 0.31142667828090365 0.36520626993076466 0.02004574944468418 0.018568424389419802
0 0.1066026001583529 0.5316525977128148 0.09301164716101656 0.17483071313711096
0 0.14166016079924867 0.4934310970933746 0.08609532516917429 0.17579323992250268
0 0.20030141052854344 0.46243770863094363 0.09035758222332835 0.16111601958451038
0 0.27039821075952974 0.4426173552095642 0.0896632621720278 0.16731544675609167
0 0.3399349514283756 0.427944852362919 0.0881779697797318 0.15719398831188708
