5 0.7258099996707392 0.25150153038275963 0.14654476930492955 0.15612671879854786
5 0.6266201016684161 0.38262646176700466 0.046533034324539146 0.04396158847896997
5 0.46851697416595917 0.4414552580943341 0.03278053162797728 0.030847970781152534
5 0.40953910949919964 0.4274361709268014 0.04558670682962651 0.04633759552628364
5 0.1943896899345685 0.7698782364696046 0.12792105057928335 0.11952077323583254
1 0.09693246847176698 0.5478943104667517 0.19386493694353396 0.3115314884782331
1 0.3447653711287283 0.37137824907375283 0.07908992817646149 0.09917968021685802
1 0.4660558522503 0.36643753517661826 0.07963231975983415 0.11567630268692836
1 0.6653786931103707 0.0726361737861624 0.21733839344939676 0.1452723475723248
0 0.6911063321882994 0.16740250449659294 0.31135960063774015 0.3348050089931859
0 0.6118048599196233 0.315598122299119 0.13234461676202824 0.19175230597619744
0 0.46199803644916015 0.37143256479150405 0.12273989178723405 0.1801348281578482
0 0.3597572540792888 0.3642020563992096 0.14704382124773208 0.20249095366470515
0 0.12982903736283316 0.5634475004904296 0.2596580747256663 0.6110096356633355
