5 0.7191130000000001 0.7892440000000001 0.03721300000000005 0.03373700000000002
5 0.721494 0.708474 0.03185499999999997 0.029768000000000017
5 0.609408 0.17146300000000003 0.04584700000000008 0.04921600000000001
5 0.6146170000000001 0.282199 0.04197699999999993 0.04127799999999998
4 0.685918 0.315539 0.04227399999999992 0.038897000000000015
5 0.5291750000000001 0.24489 0.046740000000000004 0.052787999999999974
2 0.653319 0.386188 0.03721299999999994 0.03373700000000002
5 0.555969 0.344414 0.043762999999999996 0.04346099999999997
5 0.6911280000000001 0.46517200000000003 0.038999999999999924 0.03254600000000002
4 0.610747 0.450784 0.04078599999999999 0.03869800000000001
2 0.677731 0.548224 0.03304599999999991 0.029966000000000048
2 0.6219110000000001 0.565688 0.039297000000000026 0.03869800000000001
5 0.6824950000000001 0.628498 0.03304600000000002 0.032942999999999945
5 0.823608 0.665807 0.02887799999999996 0.021036000000000055
4 0.662548 0.7474700000000001 0.04614499999999988 0.03790400000000005
4 0.641262 0.849772 0.038702000000000014 0.04167500000000002
0 0.742929 0.6697759999999999 0.192021 0.05834499999999998
0 0.655106 0.796587 0.16225100000000003 0.06231399999999998
0 0.6728190000000001 0.700933 0.131587 0.06667999999999996
0 0.45087800000000006 0.8391549999999999 0.40934799999999993 0.10140899999999997
0 0.46606099999999995 0.736456 0.433165 0.09922600000000004
0 0.43033600000000005 0.658266 0.429592 0.10478299999999996
0 0.61685 0.617583 0.16612099999999996 0.05358200000000002
0 0.4348020000000001 0.5613220000000001 0.40934799999999993 0.08989900000000006
0 0.622953 0.5319509999999998 0.1318840000000001 0.05497099999999999
0 0.401459 0.461302 0.4546000000000001 0.08513600000000004
0 0.622358 0.4673550000000001 0.16225100000000003 0.07858700000000002
0 0.560881 0.390157 0.21018199999999998 0.067077
0 0.633968 0.3259580000000001 0.144984 0.057750000000000024
0 0.360077 0.36118300000000003 0.4212560000000001 0.10478300000000002
0 0.5546289999999999 0.290038 0.145281 0.06925999999999999
0 0.386573 0.171463 0.48853800000000003 0.10081400000000001
0 0.317356 0.255408 0.4501339999999999 0.12105599999999997
1 0.372432 0.2514390000000001 0.19291499999999995 0.11827700000000002
1 0.39997000000000005 0.36029 0.19261700000000004 0.11530099999999999
1 0.547336 0.39234 0.12652600000000003 0.067077
1 0.59735 0.326454 0.07770199999999994 0.057948
1 0.47216400000000003 0.455944 0.17326599999999992 0.07680100000000001
1 0.596457 0.484124 0.08663299999999996 0.054573999999999956
1 0.591247 0.528379 0.09705300000000006 0.04227000000000003
1 0.49345 0.564398 0.15272399999999997 0.07342700000000002
1 0.598392 0.619766 0.07264100000000007 0.040881000000000056
1 0.495534 0.660052 0.19023500000000004 0.10002
1 0.52203 0.745783 0.17356399999999994 0.07858699999999996
1 0.6229530000000001 0.7905340000000001 0.09973200000000004 0.05457400000000001
1 0.506698 0.851161 0.18636500000000011 0.107958
1 0.7673409999999999 0.675035 0.06877 0.05100199999999999
1 0.6429 0.7056960000000001 0.06996100000000005 0.06390200000000001
