3 0.6799999999999999 0.14500000000000007 0.06000000000000005 0.07999999999999996
5 0.663333 0.2800000000000001 0.06000000000000005 0.07999999999999996
3 0.6783330000000001 0.4549999999999999 0.043332999999999955 0.05500000000000005
3 0.7066669999999999 0.36125 0.033332999999999946 0.03749999999999998
5 0.693333 0.57875 0.046667000000000014 0.0625
5 0.6866670000000001 0.65125 0.039999999999999925 0.05249999999999999
5 0.693333 0.7849999999999999 0.046667000000000014 0.07999999999999996
5 0.655 0.9675 0.05666700000000002 0.06000000000000005
5 0.6699999999999999 0.9125000000000001 0.033332999999999946 0.04500000000000004
5 0.6983329999999999 0.94875 0.043332999999999955 0.03750000000000009
5 0.688333 0.81 0.036667000000000005 0.04500000000000004
0 0.416667 0.13875000000000004 0.6333330000000001 0.14749999999999996
0 0.358333 0.29625 0.6299999999999999 0.14749999999999996
0 0.49166699999999997 0.45375000000000004 0.42999999999999994 0.10750000000000004
0 0.536667 0.575 0.33999999999999997 0.08000000000000007
0 0.511667 0.65625 0.3899999999999999 0.0674999999999999
0 0.46666700000000005 0.76625 0.5 0.14749999999999996
0 0.381667 0.93125 0.6299999999999999 0.13250000000000006
