4 0.8775627117829418 0.1017780918727934 0.09099915801509861 0.09558547855821711
2 0.816674118668802 0.27948558929399664 0.08493792799185862 0.09517009062521367
2 0.8352267009796095 0.41692772359463903 0.08183057381582537 0.09382613594718059
2 0.842395080227625 0.5437332840944419 0.07219473659855058 0.0852487618139397
4 0.8268004466168599 0.693790673728901 0.08680041045847431 0.07833270578620366
0 0.4632833442127519 0.130516785987828 0.9265666884255038 0.261033571975656
0 0.4309914209454198 0.30044310192489176 0.8619828418908396 0.20320052577698705
0 0.4394727529977662 0.4507484056554117 0.8789455059955325 0.2205571065944999
0 0.43847399883883853 0.5939790105822111 0.8769479976776771 0.2280903052307673
0 0.44429746779037393 0.7542546164390189 0.8662079428996952 0.2290131663113314
1 0.5400992487583787 0.12058896120222629 0.4735656327198344 0.24117792240445257
1 0.5306464173072559 0.2928084108608798 0.3664876958931979 0.17667033564415935
1 0.5624456851474715 0.4236343461903481 0.32670600492007174 0.16828901052198092
1 0.5746864267055763 0.5689299343247141 0.32884374828059065 0.17748352726375327
1 0.587433359033183 0.7216117232748015 0.30922546705452847 0.17727004975728344
