5 0.055555999999999994 0.775445 0.109259 0.08524200000000004
5 0.42963000000000007 0.46119600000000005 0.12592600000000004 0.07633600000000001
5 0.068056 0.40139900000000006 0.11388900000000002 0.07888
5 0.122685 0.572837 0.03240699999999999 0.032443
5 0.147685 0.17684500000000003 0.07314799999999999 0.03944
4 0.169907 0.6380410000000001 0.036111000000000004 0.02926200000000001
0 0.4375 0.815204 0.873148 0.180025
0 0.5708329999999999 0.371183 0.40277799999999997 0.269084
0 0.24120400000000003 0.385178 0.456481 0.16730299999999998
0 0.192593 0.577608 0.17963 0.072519
0 0.190741 0.647583 0.088889 0.06361300000000003
0 0.210185 0.180344 0.17592600000000003 0.055344000000000004
0 0.161111 0.173346 0.32037000000000004 0.146947
