3 0.25999999999999995 0.11062499999999997 0.053332999999999964 0.043749999999999956
3 0.255556 0.2537500000000001 0.06666700000000003 0.05999999999999994
3 0.316667 0.479375 0.03777799999999998 0.03125
1 0.427778 0.22750000000000004 0.197778 0.07499999999999996
1 0.39 0.09250000000000008 0.15777799999999997 0.07999999999999996
0 0.502222 0.23562499999999997 0.5555560000000002 0.09624999999999995
0 0.465556 0.09437499999999999 0.4600000000000001 0.08374999999999999
3 0.37666700000000003 0.8425 0.06444400000000006 0.06000000000000005
3 0.737778 0.9293750000000001 0.057777999999999996 0.053750000000000075
3 0.348889 0.6525000000000001 0.04888899999999996 0.04749999999999999
3 0.332222 0.5731249999999999 0.03777799999999987 0.03375000000000006
3 0.316667 0.5387500000000001 0.03777799999999998 0.03500000000000003
3 0.331111 0.60125 0.031111 0.02750000000000008
1 0.578889 0.8474999999999999 0.23777800000000004 0.06500000000000006
1 0.545556 0.8031250000000001 0.20222200000000012 0.04874999999999996
1 0.47111099999999995 0.64375 0.151111 0.057499999999999996
1 0.46 0.5706249999999999 0.16888899999999996 0.05625000000000002
1 0.446667 0.533125 0.15555599999999992 0.043749999999999956
1 0.437778 0.484375 0.15555600000000003 0.043749999999999956
1 0.422222 0.6012500000000001 0.11555599999999999 0.025000000000000022
0 0.47 0.48 0.348889 0.05750000000000011
0 0.48555599999999993 0.5293749999999999 0.36666699999999997 0.04875000000000007
0 0.516667 0.5675 0.4022220000000001 0.05249999999999999
0 0.5511110000000001 0.645 0.44000000000000006 0.06000000000000005
0 0.4099999999999999 0.6056250000000001 0.197778 0.026249999999999996
0 0.652222 0.82125 0.624444 0.125
