3 0.451952 0.29800000000000004 0.039039000000000046 0.040000000000000036
3 0.453453 0.369 0.03603599999999996 0.03400000000000003
3 0.41441399999999995 0.43100000000000005 0.03603599999999996 0.03400000000000003
3 0.45495500000000005 0.5770000000000001 0.03303299999999998 0.038000000000000034
3 0.4489490000000001 0.6460000000000001 0.03303299999999998 0.039999999999999925
3 0.4639640000000001 0.7150000000000001 0.03303299999999998 0.041999999999999926
0 0.2537540000000001 0.2920000000000001 0.423423 0.07199999999999995
0 0.26276299999999997 0.36400000000000005 0.441441 0.06399999999999995
0 0.243243 0.4300000000000001 0.39639599999999997 0.06799999999999995
0 0.250751 0.503 0.39939899999999995 0.07400000000000007
0 0.26726700000000003 0.575 0.42642599999999997 0.06999999999999995
0 0.26726700000000003 0.645 0.41441400000000006 0.06599999999999995
0 0.2777779999999999 0.718 0.41741700000000004 0.07999999999999996
