4 0.5417970000000001 0.5541670000000001 0.06328100000000003 0.06388899999999997
4 0.723828 0.595139 0.042969000000000035 0.05138900000000013
4 0.810937 0.489583 0.057813 0.0625
4 0.8386719999999999 0.540972 0.03046899999999997 0.040277999999999925
1 0.5433590000000001 0.290972 0.12265599999999999 0.3041670000000001
1 0.812109 0.265278 0.07265599999999994 0.25277799999999995
1 0.738281 0.458333 0.073438 0.13888900000000004
0 0.5363280000000001 0.31666700000000003 0.12421899999999997 0.5416669999999999
0 0.721875 0.35763900000000004 0.078125 0.526389
0 0.8132809999999999 0.266667 0.07968699999999995 0.513889
0 0.851953 0.436806 0.06796900000000006 0.24861099999999992
