4 0.4931555682989652 0.6080203582478961 0.06530568403483816 0.10154317660964352
4 0.42621362052203404 0.5685107835424551 0.08089325451400747 0.09390085612652577
2 0.06123954919699716 0.6431291504423315 0.062006412231244014 0.08895194842113463
4 0.01024068423657858 0.52115919825901 0.02048136847315716 0.08110505116226752
4 0.5134452662357951 0.45681521734778685 0.10553069440391005 0.1975210626145687
1 0.4352383895595273 0.36302102255906965 0.10437638891686046 0.2679125466386384
1 0.0650727499214003 0.510608753049949 0.1248408780369575 0.16572548613058358
1 0.5298842716484865 0.37558601304797584 0.15299977622474942 0.5915767056136488
1 0.45265215704304707 0.3046345431061299 0.14904800059599488 0.6092690862122598
1 0.06781773506236691 0.5388875564552866 0.13563547012473381 0.30196349207716944
0 0.015983325952063265 0.381529835670801 0.03196665190412653 0.3389050704419083
