4 0.9525927989508037 0.5515796519233159 0.09481440209839254 0.12592840015042395
2 0.7719882429534387 0.2343672581353624 0.011366118848566531 0.012430128785232697
0 0.7654151901195092 0.25104134844857817 0.04244110798631706 0.04702453540580215
5 0.4296400067226637 0.6632662270654477 0.16664842102832822 0.1970155764185656
5 0.2640140722802424 0.659544967943503 0.15039165570725122 0.15399292010827537
5 0.15337438987069912 0.5378971561157575 0.12757907721589246 0.1231593436328175
5 0.33295692593096543 0.4848794287613084 0.08509440958875059 0.09139759665861652
5 0.39301837100554454 0.5263493228196203 0.09417697420711979 0.1190603860776161
4 0.0690392705449352 0.20034923929979406 0.013081556597780722 0.010462455215217714
0 0.06887303816142029 0.23121670981255232 0.020898523505879403 0.07361183630225498
0 0.9255762471307161 0.7131207929881285 0.14884750573856798 0.5737584140237432
0 0.44633468356195766 0.7832812476845389 0.2850273244346543 0.43343750463092223
0 0.1379578804528716 0.7431455799157207 0.15564645720441087 0.5137088401685584
0 0.2621427234372651 0.791601083695321 0.15660538276045788 0.416797832609358
1 0.9300320679207382 0.7470312103999261 0.13993586415852355 0.3008975761331779
1 0.4193620413525484 0.8919055577690782 0.20071668126352166 0.2161888844618436
1 0.1450099521216924 0.7895550162363868 0.11305066581669172 0.3011465762688823
1 0.24989003064020235 0.8789892555253997 0.15002094153324524 0.2420214889492005
