0 0.2516669999999999 0.6971879999999999 0.05166700000000002 0.051875000000000004
3 0.922917 0.21968800000000005 0.012499999999999956 0.010624999999999996
0 0.8925000000000001 0.21468800000000005 0.07999999999999996 0.04312499999999997
5 0.8095829999999999 0.28531199999999995 0.009167000000000036 0.009375000000000022
0 0.772917 0.28218799999999994 0.0841670000000001 0.020625000000000004
5 0.8008329999999999 0.42562500000000003 0.011666999999999983 0.010000000000000009
0 0.782083 0.42500000000000004 0.04916699999999996 0.02124999999999999
5 0.764583 0.47375 0.010832999999999982 0.011249999999999982
5 0.774583 0.47531300000000004 0.009167000000000036 0.011874999999999969
0 0.764167 0.47687500000000005 0.02833299999999994 0.02124999999999999
3 0.839583 0.6553129999999999 0.007499999999999951 0.005624999999999991
3 0.839167 0.691875 0.008332999999999924 0.006250000000000089
0 0.82125 0.654687 0.04583300000000001 0.013125000000000053
0 0.822083 0.692188 0.04583300000000001 0.013125000000000053
