5 0.18416700000000003 0.6939549999999999 0.04166700000000001 0.04030199999999995
4 0.273333 0.738665 0.03833300000000006 0.036524
4 0.4645830000000001 0.680101 0.035833000000000004 0.03526399999999996
5 0.5362499999999999 0.7222919999999999 0.04749999999999999 0.03400500000000006
1 0.15041699999999997 0.627834 0.057499999999999996 0.09445799999999993
1 0.296667 0.642317 0.06833299999999998 0.09571799999999997
1 0.45375 0.555416 0.07416699999999987 0.1335010000000001
1 0.55 0.6246849999999999 0.06499999999999995 0.08816100000000004
0 0.15458299999999997 0.584383 0.10750000000000004 0.2695209999999999
0 0.29833300000000007 0.598237 0.098333 0.3098240000000001
0 0.453333 0.508186 0.07833299999999999 0.394207
0 0.5449999999999999 0.566121 0.08333299999999999 0.3287150000000001
