0 0.08713809852321175 0.5886704333280071 0.1742761970464235 0.8226591333439859
0 0.2302470477993671 0.6118648144904143 0.18671021591003678 0.7762703710191714
0 0.40905751505771615 0.5830660538302008 0.21176738689176994 0.8338678923395983
0 0.562035710535314 0.611128642187453 0.1269444244263212 0.777742715625094
0 0.721400165561124 0.5833478694903451 0.21163460688978064 0.8333042610193098
0 0.9063056302129588 0.5 0.1873887395740823 1.0
1 0.04445019690179525 0.5802142637253662 0.0889003938035905 0.4930801606763817
1 0.22147595427656425 0.6124248277596355 0.18397760956618578 0.4676728579561135
1 0.4145693170136222 0.5884216481099905 0.18301463197255347 0.4945547076067929
1 0.5609900877527438 0.5473921922696185 0.11646467375831404 0.37667038958778415
1 0.7167795328018747 0.5645092377542438 0.19619635145965908 0.48136445575962294
1 0.91163449965926 0.37796159530967444 0.17673100068147996 0.43361911025883026
