5 0.32519499999999996 0.124451 0.05664100000000005 0.052709000000000006
4 0.07519500000000007 0.080527 0.08007799999999998 0.07613499999999998
4 0.1254880000000001 0.189605 0.04980499999999999 0.04246
4 0.536621 0.178624 0.05175799999999997 0.07027799999999998
4 0.601074 0.16105399999999997 0.04199200000000003 0.03806699999999999
3 0.7392580000000001 0.183016 0.050780999999999965 0.052709000000000006
4 0.8496090000000001 0.11932699999999999 0.08007799999999998 0.07467099999999999
0 0.856445 0.435578 0.15039099999999994 0.718887
0 0.734375 0.420937 0.109375 0.522694
0 0.613281 0.392387 0.09765600000000008 0.489019
0 0.522949 0.3997069999999999 0.12011700000000003 0.509517
0 0.32617199999999996 0.383602 0.13867200000000002 0.5592969999999999
0 0.12548800000000004 0.279649 0.05175799999999997 0.219619
0 0.08691399999999999 0.409224 0.10742200000000002 0.7306
1 0.3320309999999999 0.29063 0.10156200000000004 0.20058600000000001
1 0.08544900000000005 0.308199 0.09667999999999999 0.259151
1 0.529785 0.307467 0.08496099999999995 0.19619299999999998
1 0.609863 0.305271 0.06738300000000008 0.16251800000000002
1 0.864746 0.318448 0.14550799999999997 0.291362
