5 0.08425900000000003 0.8458330000000001 0.15000000000000002 0.11666699999999997
5 0.07963000000000003 0.3880209999999999 0.151852 0.11770800000000003
5 0.31388900000000003 0.154167 0.15740699999999996 0.145833
1 0.521296 0.833854 0.47963 0.19895799999999997
1 0.546296 0.3786460000000001 0.574074 0.23645799999999995
1 0.825 0.604167 0.35 0.21875
1 0.776852 0.12708324999999998 0.446296 0.25416649999999996
0 0.50462975 0.850521 0.9907405 0.25312500000000004
0 0.675 0.601042 0.6499999999999999 0.24583299999999997
0 0.500926 0.3791670000000001 0.998148 0.29999999999999993
0 0.61851875 0.13437500000000002 0.7629625 0.26875000000000004
