5 0.7234482188321312 0.6006144664396711 0.03292463069256257 0.03767012738230269
5 0.653399855787102 0.5980890840853555 0.02164725884723495 0.025581201305811208
5 0.8065699781993659 0.6003503068201606 0.030905131098798222 0.036130702122466274
3 0.5949435420011675 0.6864635718368974 0.011480855625016884 0.01643400351474955
3 0.6233462482542751 0.6873107516230001 0.011141747191799722 0.009192874002877938
1 0.6623958836764453 0.6753216077449838 0.052864714854115924 0.08918367175558117
1 0.7461070569183154 0.6772071487386941 0.07059330776361983 0.07267172482042694
1 0.8257792309726565 0.6763794361048503 0.058313808423576585 0.08076776134755159
4 0.8735136104254205 0.5783456491326018 0.007238372657798697 0.009010075556818542
0 0.594259532274634 0.7031879300247288 0.02263784742114927 0.06753622798469583
0 0.6227171587558571 0.7156441548668693 0.023953299151785346 0.07482308050778075
0 0.6696623930372254 0.7156229718350944 0.060570986689227224 0.2745203047293522
0 0.7431474492964997 0.7288729262229738 0.07918032771641426 0.27683664678463915
0 0.8282887550568963 0.729966392745078 0.08868371187713386 0.31340993669118866
0 0.8748830298557321 0.5971511468165326 0.021552616195939178 0.04436281475659887
