4 0.43060821432279034 0.28671762100347964 0.06507048251033465 0.05775782588230349
1 0.4842496361621593 0.31755181881754957 0.11481035330982531 0.08197673458167326
4 0.505285985187187 0.4304957295825188 0.06127549829062007 0.052210557917173606
4 0.5071988812356487 0.5087729825908305 0.045223365020838124 0.04384943567484301
4 0.5448405570478321 0.6213713424764149 0.04846484051319744 0.04779194439777312
4 0.5030880444112488 0.8743772521422056 0.06695899041041237 0.07959674574547093
1 0.5464543509622053 0.3974588698991033 0.07700585531289683 0.07600010311190686
1 0.5681206017286082 0.5191546825435912 0.07803550236570467 0.07352997197007943
1 0.6016774868657885 0.6753214320371919 0.09368820553403556 0.09164138007261613
1 0.624872115172763 0.8395484167013508 0.1452404746716266 0.13202321449694998
0 0.5335666025838205 0.2700427145187809 0.28727017915208264 0.183836946548605
0 0.5861555689230067 0.37748549994842917 0.24132497736232533 0.1651643919423592
0 0.6086517675704612 0.5015875375842107 0.23089542169596206 0.14037951959293743
0 0.6598886801893715 0.6328189543365863 0.290265987958914 0.20888387236214156
0 0.7126929231228784 0.8101543422813084 0.5055845008385409 0.33682706411873975
