4 0.6110066838281097 0.49496287500946057 0.02108593518216173 0.024471408014437757
4 0.4489050494184801 0.4753029583485081 0.017384307785246467 0.016264039513862738
4 0.7819974529199167 0.4421885428856149 0.02100952551620927 0.023075684689475184
4 0.4031177496245413 0.5012668427201513 0.011058766902094785 0.011046007582375283
4 0.6439280759047075 0.4730293608500219 0.010982307971367677 0.009649384371323178
4 0.2727646688658869 0.46814066843088326 0.008109952225042572 0.008100595390581389
1 0.27008169037377605 0.4831675348898705 0.010336697707999165 0.01483478321982723
1 0.4071265603890575 0.5126013445878876 0.007831117058102133 0.015741044662960224
1 0.4476497912611256 0.5014554276867602 0.01474911612484009 0.031781106707921336
1 0.7560116792037219 0.48194746416317624 0.04032482854065955 0.07459551068627995
1 0.6424520984354225 0.4951665877212743 0.013187095637933743 0.020210675832934566
1 0.6121709407588093 0.5183563697479234 0.04224423570633684 0.033286342641839606
0 0.2708028596817821 0.47927673190349057 0.022156064623693794 0.044018733652628206
0 0.40464014373661716 0.5141382738780061 0.024624315694316834 0.04241420986874417
0 0.4492213198495979 0.5130975584928859 0.02998094624720421 0.0893415546895116
0 0.6171109379568196 0.5530971259308353 0.05224795629719059 0.1396314333290713
0 0.7530071214525442 0.5209744716810171 0.07048185170593879 0.1841316643126567
