5 0.44547 0.6675 0.035235000000000016 0.03500000000000003
5 0.447148 0.7975000000000001 0.035234999999999905 0.03500000000000003
5 0.39849 0.54 0.03523500000000013 0.03500000000000003
5 0.480705 0.43499999999999994 0.035235000000000016 0.044999999999999984
5 0.524329 0.353125 0.04194600000000004 0.03875000000000001
0 0.57047 0.795 0.281879 0.05249999999999999
0 0.560403 0.664375 0.27852299999999997 0.053749999999999964
0 0.5109060000000001 0.5393749999999999 0.28020100000000003 0.05874999999999997
0 0.612416 0.43937500000000007 0.29865799999999987 0.06375000000000003
0 0.649329 0.344375 0.298658 0.07374999999999998
0 0.526846 0.25875 0.218121 0.06500000000000003
