5 0.397308 0.7854140000000001 0.05307700000000004 0.043022000000000005
5 0.279231 0.805876 0.06923100000000004 0.037775
5 0.5461539999999999 0.740818 0.023077000000000014 0.012592000000000048
5 0.935769 0.552991 0.02538499999999999 0.02098600000000006
5 0.984231 0.509444 0.030000000000000027 0.0241340000000001
1 0.961538 0.42654800000000004 0.06461500000000009 0.09338899999999994
1 0.937692 0.48688400000000004 0.04307699999999992 0.05666300000000002
1 0.699231 0.685729 0.01692300000000002 0.04721900000000001
1 0.5419229999999999 0.700944 0.03461500000000006 0.04407099999999997
1 0.39038500000000004 0.6196219999999999 0.09307699999999997 0.17943300000000006
1 0.290385 0.621721 0.08538500000000004 0.21511000000000002
1 0.19076900000000002 0.5991609999999999 0.12307699999999999 0.239244
0 0.963077 0.42917099999999997 0.07076899999999997 0.19097600000000003
0 0.9261539999999999 0.44596 0.06461499999999998 0.216159
0 0.707308 0.6956979999999999 0.03307700000000002 0.07135400000000003
0 0.681538 0.649003 0.03692299999999993 0.16474300000000008
0 0.543077 0.672088 0.04615400000000003 0.1437569999999999
0 0.39423100000000005 0.5267580000000001 0.10999999999999999 0.55404
0 0.29346200000000006 0.536726 0.07923099999999994 0.58447
0 0.18461499999999992 0.46957000000000004 0.13076900000000002 0.7145860000000002
