4 0.356445 0.40088099999999993 0.039061999999999986 0.041115999999999986
4 0.303711 0.47209999999999996 0.03125 0.036710999999999994
4 0.492188 0.4111600000000001 0.04101600000000005 0.049927
4 0.38281200000000004 0.464758 0.023438000000000014 0.02202599999999999
4 0.4643550000000001 0.428781 0.020508000000000026 0.02936899999999998
4 0.5590820000000001 0.504405 0.024414000000000047 0.027900000000000036
4 0.602539 0.47209999999999996 0.035155999999999965 0.036710999999999994
4 0.6425779999999999 0.455947 0.03320299999999998 0.03964800000000002
4 0.7006840000000001 0.403084 0.04003900000000005 0.048458
0 0.358398 0.625551 0.08984399999999998 0.4904549999999999
0 0.495117 0.641703 0.08789100000000005 0.499266
0 0.555176 0.64978 0.045897999999999994 0.31864900000000007
0 0.7060550000000001 0.619677 0.10156200000000004 0.469897
0 0.626465 0.640235 0.06933599999999995 0.408223
0 0.294922 0.6468430000000001 0.0625 0.38326000000000005
0 0.424805 0.654919 0.03515600000000002 0.31424399999999997
1 0.287598 0.598385 0.06542999999999999 0.15418500000000002
1 0.349121 0.556535 0.094727 0.18502200000000002
1 0.492188 0.569016 0.09570299999999998 0.20117500000000005
1 0.5864259999999999 0.589574 0.03808599999999995 0.145374
1 0.629883 0.578561 0.058594000000000035 0.17033799999999993
1 0.695312 0.5491920000000001 0.09765599999999997 0.19089600000000007
