4 0.03418 0.263975 0.04492199999999999 0.06418199999999999
4 0.11718799999999999 0.324017 0.04101599999999998 0.05590099999999998
4 0.204102 0.23913 0.041016 0.05590099999999998
4 0.28125 0.292961 0.041016 0.05590099999999998
4 0.350586 0.215321 0.04492200000000002 0.05382999999999999
4 0.440918 0.23499 0.045897999999999994 0.04761900000000002
4 0.513184 0.23913 0.043944999999999956 0.05590099999999998
4 0.5981450000000001 0.272257 0.04394500000000001 0.05590099999999998
4 0.7006840000000001 0.224638 0.04394500000000001 0.05590099999999998
4 0.774902 0.146998 0.04980499999999999 0.057970999999999995
4 0.9375 0.184265 0.078125 0.086957
4 0.830566 0.187371 0.047852000000000006 0.06418199999999999
4 0.869629 0.214286 0.05371099999999995 0.06418200000000002
1 0.038086 0.4886130000000001 0.074219 0.25258800000000003
1 0.122559 0.512422 0.06933600000000001 0.24223599999999995
1 0.210449 0.454451 0.06933599999999998 0.25465799999999994
1 0.2856449999999999 0.49689399999999995 0.057616999999999974 0.22774299999999997
1 0.358887 0.438923 0.079102 0.22360199999999997
1 0.443848 0.434783 0.079102 0.22360199999999997
1 0.522461 0.4358179999999999 0.06640599999999997 0.20496899999999996
1 0.606445 0.469979 0.078125 0.23602500000000004
1 0.700684 0.454451 0.07324200000000003 0.25465799999999994
1 0.783691 0.404762 0.077148 0.267081
1 0.861816 0.47101399999999993 0.05761700000000003 0.32091099999999995
1 0.9453120000000002 0.48136600000000007 0.10742200000000002 0.36231900000000006
0 0.039551 0.595238 0.077148 0.73499
0 0.11621100000000001 0.630435 0.07617200000000002 0.6935819999999999
0 0.209961 0.597308 0.07617200000000002 0.780538
0 0.279297 0.622153 0.06835900000000003 0.714286
0 0.3544919999999999 0.580745 0.08984399999999998 0.780538
0 0.438477 0.586957 0.09179700000000002 0.7639749999999998
0 0.525391 0.595238 0.09179699999999996 0.7639750000000001
0 0.604492 0.60559 0.08789099999999994 0.7391300000000001
0 0.7001949999999999 0.57971 0.08593799999999996 0.7577639999999999
0 0.783691 0.563147 0.08886700000000003 0.8737060000000001
0 0.865234 0.5869567499999999 0.08203099999999997 0.8260865000000001
0 0.941406 0.56625275 0.11718799999999996 0.8674945000000001
