5 0.532583290244647 0.11090943196511982 0.055694951347841415 0.06202433986482553
5 0.5980866271462013 0.1653570510061158 0.060808754066136395 0.06968185003719587
5 0.7812692896195472 0.3169948941638425 0.04982742226398995 0.056126281094982744
5 0.9416507556726015 0.47114952786062847 0.05356532376282386 0.05132431489751227
0 0.30540980143964136 0.25972920456171544 0.22430924261126456 0.4208145408453026
0 0.4550604572310866 0.24014118828736308 0.21369183501512523 0.3633191251935697
0 0.5469063979345843 0.3265308280059961 0.21195200958965688 0.39479949553324883
0 0.7400385513517116 0.4801449688926844 0.21050985315904436 0.3903290540794243
0 0.8798137005178861 0.5795286464076744 0.16989710040754036 0.29311816090695797
0 0.9376906774226829 0.6062005004805746 0.12461864515463428 0.30913926632115757
