3 0.39743599999999996 0.60452 0.05555600000000005 0.07344600000000001
3 0.21047000000000005 0.8460449999999999 0.049144999999999994 0.059321999999999986
3 0.38141 0.480226 0.049144999999999994 0.04519799999999996
5 0.384615 0.416667 0.029915000000000025 0.042372999999999994
5 0.4262820000000001 0.336158 0.014956999999999998 0.016948999999999992
5 0.49252100000000004 0.374294 0.014956999999999998 0.02542399999999989
5 0.8162389999999999 0.545198 0.05982900000000002 0.08474599999999999
5 0.621795 0.774011 0.07692300000000007 0.067797
0 0.33653799999999995 0.792373 0.20299100000000003 0.415254
0 0.315171 0.5579099999999999 0.11324800000000002 0.17231600000000002
0 0.3397440000000001 0.444915 0.10256399999999999 0.115819
0 0.41452999999999995 0.370056 0.038461999999999996 0.09604500000000005
0 0.511752 0.40678 0.057691999999999966 0.10169499999999998
0 0.632479 0.861582 0.17521399999999998 0.259887
0 0.889957 0.723164 0.211538 0.4689270000000001
