4 0.067621 0.46276300000000004 0.047498000000000005 0.044586000000000015
4 0.177302 0.44389999999999996 0.04641000000000001 0.03331700000000004
4 0.323967 0.41744200000000004 0.04677300000000001 0.06565399999999999
4 0.360587 0.46962300000000007 0.04097200000000001 0.062223999999999946
0 0.070703 0.35791300000000004 0.11022499999999999 0.24840799999999996
0 0.189449 0.3500729999999999 0.12074000000000001 0.21509100000000003
0 0.38759999999999994 0.23493399999999998 0.17186399999999996 0.41989199999999993
0 0.398658 0.4377760000000001 0.11203799999999997 0.12493900000000002
0 0.838832 0.7408129999999999 0.11421300000000001 0.17246400000000006
1 0.064902 0.327291 0.108049 0.18226399999999998
1 0.186911 0.3304749999999999 0.117114 0.17785400000000007
1 0.395939 0.305732 0.11022500000000002 0.20284199999999997
1 0.422226 0.3829010000000001 0.08738200000000002 0.16903499999999994
