3 0.556434 0.661397 0.041544000000000025 0.04093100000000005
3 0.581434 0.547059 0.03345600000000004 0.030391999999999975
3 0.570404 0.44595599999999996 0.03566200000000008 0.034069000000000016
3 0.576287 0.3626230000000001 0.04375000000000007 0.03897099999999998
3 0.575735 0.30318599999999996 0.052205999999999975 0.052451000000000025
0 0.3766540000000001 0.661397 0.39889699999999995 0.08259799999999995
0 0.41507400000000005 0.5308820000000001 0.36911800000000006 0.07402000000000009
0 0.38566199999999995 0.433333 0.4110290000000001 0.09852899999999998
0 0.37279399999999996 0.345711 0.447794 0.07867599999999997
0 0.324449 0.2828429999999999 0.560662 0.09019600000000005
