2 0.3505929938214659 0.4356863323298772 0.05951276848276993 0.060286648640045404
5 0.33399640642718825 0.5184921855310979 0.059512768482769984 0.060286648640045515
5 0.32194663990577 0.5823056612916903 0.05951276848276987 0.060286648640045515
5 0.26599610194751133 0.7306365058371884 0.09937909001696427 0.09860520985968868
2 0.6131936884208689 0.4150017876825449 0.10797303109229972 0.09043195389542874
0 0.44570925149189683 0.4652709391463823 0.2674559894818914 0.1516321323110233
0 0.5639646835752488 0.5756987000483011 0.5464463954579222 0.21522568814397824
0 0.5400452055076348 0.6621311848371838 0.5445737926286897 0.21541655936610538
0 0.5032262131020786 0.8204201954328243 0.6480760653739139 0.29518671365625404
0 0.7172908952293733 0.5306462571651601 0.39045491968324786 0.2968154206529039
