4 0.855 0.80137 0.17166700000000001 0.14570400000000006
4 0.765 0.736613 0.07833299999999999 0.088418
4 0.529167 0.848692 0.11833300000000002 0.09589000000000003
4 0.28750000000000003 0.7366130000000001 0.08166700000000005 0.09589000000000003
4 0.144167 0.864259 0.18000000000000005 0.15691199999999994
0 0.88125 0.44209200000000004 0.23750000000000004 0.874222
0 0.749167 0.39041099999999995 0.17500000000000004 0.763387
0 0.5275 0.45080925 0.2516670000000001 0.9016185
0 0.32125 0.40348700000000004 0.15916699999999995 0.772105
0 0.15458299999999997 0.47197999999999996 0.3075 0.9414689999999999
