5 0.094542 0.3368749999999999 0.083821 0.07124999999999998
5 0.30214399999999997 0.605 0.04678399999999999 0.04749999999999999
4 0.241715 0.7906250000000001 0.05458099999999999 0.04625000000000001
5 0.932749 0.48 0.033138 0.025000000000000022
5 0.920078 0.63875 0.031189000000000022 0.040000000000000036
4 0.069201 0.0775 0.033138 0.035
0 0.201754 0.059375 0.32163699999999995 0.09125
0 0.168616 0.19937500000000002 0.333333 0.07875000000000001
0 0.24366500000000002 0.21749999999999997 0.13645200000000002 0.09999999999999998
0 0.314815 0.3075 0.539961 0.14
0 0.377193 0.613125 0.212476 0.09375
0 0.342105 0.779375 0.2514620000000001 0.08374999999999999
1 0.359649 0.7818750000000001 0.11501 0.05625000000000002
