2 0.12350407466470639 0.01417560116114216 0.09172278483771734 0.02835120232228432
2 0.09539345123358517 0.09760384440546295 0.09617761697805671 0.06604107766423681
2 0.09963826442966606 0.16671704431219847 0.08906294045078617 0.0633026877819941
2 0.12098823386359006 0.25209104588526104 0.09150688131618566 0.06583329954405301
2 0.10665557107816036 0.32446216388695737 0.07504949091777682 0.06267929814660378
3 0.06017128912664815 0.3842821289477043 0.07488753563920847 0.059038634276084245
2 0.1521174215164321 0.42578527230865176 0.08205621568428154 0.06299099296429878
2 0.1302922234036318 0.48754733606388134 0.0745096768391084 0.05054458027646991
2 0.14882783720259113 0.5359640217934065 0.08890098517221783 0.05966202391147479
2 0.16534387314867957 0.6179051928909726 0.08178630864494729 0.05692363402923206
2 0.19498271514532955 0.6792018081600839 0.07494148388217195 0.06025136053465996
0 0.5828878539145813 0.6698250092045256 0.8342242921708374 0.16068752507212114
0 0.5566408984442841 0.6023222417350217 0.8743695411244936 0.11034659070982511
0 0.5477406629247386 0.5116102536627992 0.9045186741505229 0.1696640540639563
0 0.5595679511151412 0.4150408061535378 0.8808640977697175 0.17829483522589135
0 0.16508571631896013 0.3753595691327908 0.26678543733436 0.07605247560065881
0 0.5355444917806125 0.31685585989574716 0.9289110164387749 0.14320980966636915
0 0.5390354298291842 0.22929993932397905 0.9219291403416316 0.1838057232774209
0 0.21318500483278763 0.16774527254054725 0.3026839730752454 0.09702580802775045
0 0.525258973361915 0.08826314821929652 0.94948205327617 0.17652629643859305
0 0.5388827610338417 0.03657212534369629 0.9222344779323167 0.07314425068739258
1 0.4224352465878757 0.02686858683709853 0.36095092049008076 0.05373717367419706
1 0.3697477042298836 0.08357523513197813 0.3299402664799943 0.1333576128580534
1 0.40351596363131403 0.23769883872016434 0.3506365854972107 0.12701261211749637
1 0.46994992470340957 0.4159018947153068 0.3605190581721782 0.13956169895544052
1 0.21519283247604362 0.37069905199562103 0.13843511164601247 0.07276469197434227
1 0.4093563275185341 0.5268058844299583 0.3178309990085549 0.12313135966198419
1 0.45355431770413535 0.6786415862189226 0.32798213617546074 0.14174775016015628
