4 0.4495960789258338 0.30297533978589664 0.02002504210524536 0.02370672033261173
4 0.47925593565359004 0.33386493541372986 0.014703821923114202 0.022680545970526378
4 0.4468332619644803 0.47607279892901433 0.02076664899873748 0.021789419210299976
4 0.4552710987647619 0.5389519466305609 0.01812896650061213 0.021605943418536944
4 0.44555713312632184 0.5833377890146046 0.015124332418960773 0.016147102630523102
4 0.4454770715475532 0.7178560199618294 0.02052966934289646 0.030961336432316577
1 0.5329096501590858 0.3627782745703605 0.07087291384218264 0.050214280972783853
1 0.4834958091133952 0.30467017933483154 0.032557547211960636 0.0403295699499312
1 0.5159323502383402 0.48618097992642606 0.08138617366264805 0.03781940252692939
1 0.5028264075910323 0.5094573317816515 0.07311297683081341 0.019523941224557806
1 0.49016812306355395 0.5453554301528356 0.040150289692579 0.03626391015577102
1 0.4820715356467052 0.585546902820414 0.04362134450419963 0.03584932176622879
1 0.4911599871394301 0.727991813149738 0.06338717908972064 0.030660741326659968
0 0.4789119482695924 0.30070686716790307 0.1092868481384755 0.04894856000581155
0 0.5805991143374956 0.3631134795321991 0.22141094330712352 0.07578068835235086
0 0.5540633946446691 0.48419487758364 0.23235309863727882 0.04438280773214626
0 0.5091423671934904 0.5075770302098845 0.14044601647596738 0.03142710614977262
0 0.5162916349787339 0.5445213275586731 0.15015657190890636 0.045228742428961355
0 0.49824672108921697 0.5879968649991014 0.12382243657798031 0.044052987096921514
0 0.5235493008677816 0.7196422214674736 0.17352343323373287 0.05407285581811794
