5 0.37707000000000007 0.768 0.02329199999999998 0.025714000000000015
5 0.39234 0.6994290000000001 0.024845000000000006 0.02457100000000001
5 0.36568300000000004 0.674429 0.021221999999999963 0.01971400000000001
5 0.414855 0.616286 0.016046000000000005 0.02171400000000001
5 0.396998 0.5462859999999999 0.030020999999999964 0.029714000000000018
5 0.367495 0.478286 0.021738999999999953 0.025714000000000015
5 0.3755180000000001 0.417714 0.02329199999999998 0.020571000000000006
5 0.37914099999999995 0.3695709999999999 0.030537999999999954 0.022571000000000008
5 0.381729 0.3122859999999999 0.01811600000000002 0.020571000000000006
5 0.40941999999999995 0.23542899999999994 0.03726700000000005 0.028571000000000013
5 0.390787 0.10242899999999994 0.024845000000000006 0.02657100000000001
0 0.27277399999999996 0.772 0.23913000000000006 0.04514299999999993
0 0.27018600000000004 0.7100000000000001 0.2763979999999999 0.03542899999999993
0 0.279244 0.677 0.183747 0.030571000000000015
0 0.28002099999999996 0.616714 0.29606599999999994 0.052286000000000055
0 0.27277399999999996 0.555143 0.2712220000000001 0.04742899999999994
0 0.268634 0.479857 0.22670800000000002 0.040286000000000044
0 0.2727739999999999 0.420714 0.224638 0.03457100000000002
0 0.27562100000000006 0.36799999999999994 0.23757799999999996 0.045143000000000044
0 0.2800209999999999 0.29957100000000003 0.224638 0.04428600000000005
0 0.290631 0.23157100000000003 0.28933699999999996 0.06028599999999995
0 0.281056 0.10099999999999992 0.258799 0.06314300000000006
