4 0.300537 0.764757 0.05029300000000003 0.09548599999999996
4 0.06689499999999998 0.813802 0.04394500000000001 0.10329900000000003
4 0.6645510000000001 0.549479 0.04101600000000005 0.09722200000000003
4 0.9104 0.855903 0.06103499999999995 0.07118099999999994
0 0.908936 0.570747 0.15185499999999996 0.636285
0 0.707764 0.372396 0.14990199999999998 0.44444399999999995
0 0.363525 0.6922740000000001 0.17626999999999993 0.24913200000000002
0 0.113037 0.647135 0.13622999999999996 0.4383680000000001
1 0.912598 0.6358509999999999 0.109375 0.27864600000000006
1 0.700928 0.27474000000000004 0.14209000000000005 0.36197899999999994
1 0.38745100000000005 0.6953119999999999 0.12060499999999996 0.15972200000000003
1 0.11792000000000002 0.702691 0.11865199999999998 0.23177100000000006
