2 0.11592877971007992 0.1791736625328728 0.07733943466953978 0.08529505299043669
4 0.6273778947183789 0.08749095567370352 0.059605046836540776 0.06907897878189864
2 0.7355444502790052 0.07625492218377528 0.0599823479611179 0.0727111647389139
4 0.835826761758858 0.35224922542752685 0.05560515538457078 0.061476543184616705
0 0.6830775805474236 0.060591439798529746 0.021180650703008674 0.05969664410716009
0 0.6479581243161632 0.4066489087061973 0.19557390365779026 0.7084809502773854
0 0.7756623811270766 0.30984561781843145 0.17981238880739037 0.5361493816518232
0 0.8597574889154032 0.5563112750715563 0.20476518572778069 0.4776510033095849
0 0.17254959187445562 0.5505848654697295 0.2962070748585284 0.8429112651517061
1 0.12877318625060313 0.4238607326438738 0.17904288574421065 0.3330343943923763
1 0.6338388264033954 0.29703909680046714 0.13490811999231123 0.25837548604144245
1 0.7648584288397706 0.2742492470325353 0.1359391551934972 0.24770170348314796
1 0.8805860450307519 0.535787850217994 0.13800228827466088 0.22635520104535056
