5 0.16618499999999997 0.31454499999999996 0.043353000000000086 0.03272699999999995
5 0.3569359999999999 0.537273 0.03757199999999994 0.04181799999999991
5 0.343931 0.629091 0.046243000000000034 0.03636400000000006
3 0.358382 0.814545 0.0346820000000001 0.040000000000000036
3 0.33525999999999995 0.870909 0.04624299999999992 0.04363600000000001
1 0.439306 0.8790910000000001 0.12138699999999991 0.05999999999999994
0 0.336705 0.3345449999999999 0.39595400000000003 0.09090900000000002
0 0.5260120000000001 0.5327270000000001 0.38150300000000004 0.08363600000000004
0 0.4956650000000001 0.621818 0.36705200000000004 0.08727300000000004
0 0.501445 0.8063640000000001 0.3208089999999999 0.07454499999999997
0 0.504335 0.875455 0.384393 0.08181799999999995
