4 0.3136005719972245 0.7129321279309946 0.05871991651789488 0.05165863261014403
4 0.32928642104159567 0.62452547406523 0.05267672450464406 0.04722419448739035
4 0.23228617199067422 0.3545086718852581 0.0502693398980803 0.05224201298104181
5 0.3127529652745193 0.5151276658306199 0.061308499524618476 0.052439654019376
5 0.3099293435424909 0.4652111355291425 0.03921451121801045 0.04159587133060455
1 0.4344025864526853 0.6858855853668109 0.1647275443894055 0.12228378375717375
1 0.4460384600389774 0.602774392306995 0.15746338672572824 0.10860434688982923
1 0.438121318233393 0.48137607346539635 0.17023939367343333 0.1171586986551107
1 0.4322686106527944 0.4245385814067709 0.15552194142162823 0.07877639002666509
1 0.38284072546236336 0.30751701528945924 0.1895826862089645 0.13448262477213913
0 0.4982492452411575 0.6666219159027815 0.441868689257762 0.21425745210422253
0 0.5054765791414237 0.5782597598823358 0.4147714841832188 0.20242607950404717
0 0.5140601752914217 0.46943221855485096 0.473291116665147 0.2352258674709351
0 0.4792003634342923 0.40693144823822586 0.40023454096193123 0.1698424027834361
0 0.4665296624870313 0.280699149107895 0.5489085618453471 0.2831055458413718
