4 0.228906 0.18564800000000004 0.013021000000000005 0.026852000000000015
3 0.260937 0.17314800000000002 0.009375000000000022 0.016667000000000015
2 0.302083 0.184259 0.01041700000000001 0.014814999999999995
5 0.33411500000000005 0.17870400000000003 0.013021000000000005 0.016667000000000015
5 0.372396 0.193519 0.01041700000000001 0.012963000000000002
0 0.228385 0.233333 0.03489600000000001 0.14259299999999997
0 0.267448 0.23240700000000003 0.03489599999999998 0.14444400000000002
0 0.301302 0.239352 0.02968700000000002 0.125
0 0.338021 0.236111 0.03229199999999999 0.127778
0 0.375781 0.247685 0.035937 0.125
