4 0.6833041721155246 0.4102322889943216 0.14130936905366176 0.10602968943317576
2 0.6666107302878954 0.5685107449315222 0.05846899948121298 0.045047855898791456
4 0.6972716485816082 0.4928056275456702 0.06760210775765219 0.042673531924495856
4 0.5657869284694353 0.6503300134733505 0.2199957900971839 0.18180687644456384
0 0.7794791949853491 0.4124969691814816 0.33835920191635416 0.20412812569361077
0 0.7615002200986061 0.6001479877577162 0.2709735084600585 0.12668716195283092
0 0.661043539394686 0.7264702862823135 0.44428913191911695 0.3256399499982312
0 0.7865286775796496 0.5332337815942536 0.2608733653060059 0.14880770634834517
1 0.8475281873779814 0.4145235325407357 0.21476413213629664 0.19805598373128142
1 0.8151380804068893 0.5421292480233628 0.20333881293752043 0.13975486398667614
1 0.7753635091034168 0.6071055541727495 0.18399346051986376 0.10314621502432786
1 0.7603901140847211 0.7635547611082647 0.23881145501684153 0.27327636497959373
