4 0.33286483528584343 0.1554932484340419 0.25652182032132964 0.3109864968680838
4 0.05909479207742237 0.46840904199008043 0.11818958415484473 0.41682486081213976
4 0.7133616612786341 0.5697130406895528 0.06859776612872892 0.0899793869804627
4 0.7654744254333378 0.5494454192915503 0.046678108039814425 0.06788625555870964
4 0.9423675457121183 0.5222377746206257 0.052722845113262196 0.06471728698382484
1 0.7290943998769519 0.8182496844408889 0.11297335050671242 0.2860687592988872
1 0.7946339868894345 0.7583085084822174 0.1129733505067122 0.2860687592988871
1 0.9616347366385041 0.7721861568336419 0.07673052672299185 0.2860687592988872
1 0.4028587755966146 0.6129310197894993 0.2803977291202774 0.5708757272206215
1 0.1253617664138116 0.7473728608356781 0.2507235328276232 0.5052542783286438
0 0.13758196433742886 0.6056821506049825 0.2751639286748577 0.788635698790035
0 0.36208410007627756 0.4636700602270755 0.3871810633522777 0.927340120454151
0 0.7202879210624464 0.7740168052703328 0.15498112421046073 0.45196638945933443
0 0.7971829576336612 0.7503614490007138 0.13248829861107692 0.49927710199857245
0 0.9514855835798887 0.7353437108529595 0.09702883284022268 0.49483414649526003
