4 0.5845410510195901 0.24852340237112097 0.07377784192720538 0.11022556478026099
2 0.5573666570421338 0.4516678618623191 0.10205051819367095 0.14855479926408693
2 0.5073123111007963 0.7442330121867172 0.06260913032277343 0.05048674868154168
1 0.4306322223581945 0.22330902958418405 0.2061380904812683 0.17450773806272774
1 0.3414215236632093 0.46160090279807353 0.30044906475300376 0.29870284908921296
1 0.35411241984278763 0.7348938249798918 0.18951650448520468 0.10881797862646414
0 0.3150619074628062 0.7206054297568081 0.465013286603449 0.2098338001483926
0 0.3675448972377765 0.4678700062894377 0.49407894391591684 0.36062242440203496
0 0.41184712400508383 0.21272071677467375 0.4363946903837915 0.23593681141949885
4 0.5475051071794443 0.1907747437470474 0.03042648423698946 0.048348313626283806
