5 0.299013 0.700212 0.03667100000000001 0.05508500000000005
5 0.341326 0.7309320000000001 0.019745999999999986 0.021186000000000038
5 0.502821 0.596398 0.042313000000000045 0.044491999999999976
5 0.687236 0.720339 0.038787000000000016 0.03813599999999995
1 0.48448499999999994 0.6980929999999999 0.06770099999999996 0.13559299999999996
1 0.254937 0.7378180000000001 0.04583899999999999 0.087924
1 0.33638899999999994 0.797669 0.04231299999999999 0.06355900000000003
1 0.704866 0.795021 0.07122700000000004 0.058262999999999954
0 0.242595 0.8019070000000001 0.071932 0.273305
0 0.330395 0.818326 0.04865999999999998 0.18326299999999995
0 0.488011 0.745763 0.08321599999999996 0.36016899999999996
0 0.71615 0.816208 0.11071900000000001 0.227754
