0 0.829752 0.637827 0.03290800000000005 0.36619699999999994
4 0.6077899999999999 0.48189099999999996 0.020148000000000055 0.046277999999999986
5 0.5503690000000001 0.4869220000000001 0.019475999999999938 0.05231400000000003
4 0.491269 0.523139 0.035594000000000015 0.07645899999999994
0 0.609805 0.6187119999999999 0.037609000000000004 0.33199199999999995
0 0.5473469999999999 0.625755 0.037609000000000004 0.32193200000000005
0 0.47817299999999996 0.656942 0.06850200000000006 0.35211299999999995
1 0.8294159999999999 0.594567 0.03089299999999995 0.15895400000000004
1 0.616521 0.602616 0.038951999999999876 0.17907399999999996
1 0.551041 0.5804830000000001 0.03425100000000003 0.11871200000000004
1 0.476494 0.714286 0.063801 0.24547300000000005
