5 0.525192 0.19150900000000004 0.04490700000000003 0.037107
5 0.476451 0.291509 0.04600199999999999 0.037107
5 0.418949 0.808491 0.04490700000000003 0.04213800000000001
3 0.47042700000000004 0.728931 0.04490700000000003 0.03647800000000001
1 0.3828040000000001 0.10628899999999991 0.112815 0.05911900000000003
1 0.419496 0.1921380000000001 0.10295699999999997 0.05849099999999996
1 0.37678 0.292138 0.10952899999999999 0.05094299999999996
1 0.37951799999999997 0.38867900000000005 0.112815 0.06918199999999997
2 0.49068999999999996 0.5018870000000001 0.04162099999999991 0.03396200000000005
1 0.377327 0.498428 0.10624299999999998 0.054716999999999905
1 0.44194999999999995 0.6062890000000001 0.049288 0.06289299999999998
1 0.36034999999999995 0.726415 0.10514800000000002 0.052830000000000044
1 0.42497300000000005 0.682075 0.09419500000000003 0.04591199999999995
2 0.527382 0.69717 0.042715999999999976 0.03584900000000002
1 0.24917899999999998 0.806918 0.19605700000000004 0.07295600000000002
1 0.442497 0.799686 0.04162100000000002 0.05220099999999994
5 0.267798 0.18081800000000003 0.06681300000000001 0.04213800000000001
2 0.28422800000000004 0.41666700000000007 0.05586000000000002 0.032074999999999965
0 0.323658 0.10282999999999998 0.30120499999999995 0.079874
0 0.42223399999999994 0.1915090000000001 0.25082100000000007 0.09371099999999999
0 0.36089800000000005 0.2852200000000001 0.274918 0.098742
0 0.347755 0.40440299999999996 0.29463300000000003 0.10440300000000002
0 0.383899 0.5110060000000001 0.24644 0.09371099999999999
0 0.433735 0.533962 0.20591500000000007 0.0679249999999999
0 0.305586 0.618553 0.23439199999999993 0.12389899999999998
0 0.460022 0.6084909999999999 0.12486300000000006 0.06981099999999996
0 0.45399800000000007 0.6858489999999999 0.18948500000000001 0.06352199999999997
0 0.30011000000000004 0.7603770000000001 0.271632 0.16478000000000004
0 0.404162 0.719182 0.18181800000000004 0.09496899999999997
0 0.458379 0.795597 0.13034000000000012 0.07672999999999996
