3 0.24717594133902931 0.9300678110755827 0.1008523370439243 0.07726667940644638
4 0.32555728400388695 0.8548636665080382 0.14787832455087785 0.10898328073254415
4 0.19840660732693235 0.7000544264665112 0.07411523390925079 0.07452834836531019
4 0.2234275998925613 0.6334597337001298 0.09423965713795651 0.08472277119175342
4 0.22512216899179083 0.44558561083155934 0.07856754947287545 0.07456733041681812
4 0.2327673654999884 0.17437598032368878 0.103177173757391 0.08855673537710174
4 0.17863324921152607 0.6031680956290408 0.04481079904090257 0.03294996522708937
5 0.6017911951961713 0.9510332398239807 0.7964176096076574 0.09793352035203873
0 0.6290499363856389 0.8517643913172608 0.7419001272287222 0.16014841586058282
0 0.5806964282039014 0.7173265456849863 0.8386071435921971 0.11261891930474888
0 0.5902871641432935 0.6316822894594041 0.819425671713413 0.13828823443341598
0 0.5927057114917386 0.43260710258502433 0.8145885770165229 0.1606357251870813
0 0.5904849079407606 0.18334206344423992 0.8190301841184788 0.16830494713427943
