2 0.5884240000000001 0.811667 0.057877999999999985 0.030000000000000027
2 0.546624 0.46583300000000005 0.09646299999999997 0.048333000000000015
2 0.559486 0.2825 0.08360100000000004 0.048333000000000015
3 0.578778 0.713333 0.07074000000000003 0.040000000000000036
3 0.435691 0.070833 0.03537000000000001 0.028332999999999997
0 0.45176799999999995 0.789167 0.35048199999999996 0.098333
0 0.405145 0.680833 0.41157599999999994 0.08499999999999996
0 0.38424400000000003 0.48 0.421222 0.09666700000000006
0 0.40835999999999995 0.285 0.4180059999999999 0.08999999999999997
0 0.353698 0.0625 0.20578799999999997 0.05499999999999999
