2 0.4675 0.671182 0.020000000000000018 0.022167000000000048
2 0.461667 0.541256 0.021666999999999992 0.030788000000000038
2 0.389583 0.724754 0.01083299999999987 0.02586200000000005
2 0.37625 0.591133 0.019166999999999934 0.022167000000000048
2 0.371667 0.5073889999999999 0.018333000000000044 0.029556999999999944
2 0.32875000000000004 0.48830000000000007 0.01749999999999996 0.02093600000000001
2 0.22999999999999998 0.6262320000000001 0.016666999999999987 0.03325100000000003
2 0.602917 0.094212 0.01416700000000004 0.023399000000000003
2 0.49333299999999997 0.100369 0.013332999999999928 0.025861999999999996
2 0.6775 0.139778 0.016666999999999987 0.016009999999999996
2 0.6783330000000001 0.200123 0.018333000000000044 0.023399000000000003
2 0.803333 0.274015 0.020000000000000018 0.016010000000000024
2 0.8620829999999999 0.275246 0.01749999999999996 0.013546999999999976
2 0.984583 0.39532 0.022499999999999964 0.017241000000000006
2 0.847917 0.3325119999999999 0.02083299999999999 0.019704
2 0.746667 0.373768 0.021666999999999992 0.018473000000000017
2 0.7783329999999999 0.559113 0.021666999999999992 0.02463099999999996
4 0.732917 0.236453 0.01416700000000004 0.024631000000000014
4 0.622083 0.34667500000000007 0.022499999999999964 0.023399000000000003
4 0.806667 0.44889200000000007 0.021666999999999992 0.02093600000000001
3 0.887083 0.3589899999999999 0.022499999999999964 0.025861999999999996
0 0.47250000000000003 0.7487680000000001 0.046667000000000014 0.199507
0 0.447917 0.583744 0.06583300000000003 0.11083699999999996
0 0.35375 0.548645 0.05750000000000011 0.10714299999999999
0 0.318333 0.515394 0.04499999999999993 0.10714299999999999
0 0.259167 0.6323890000000001 0.07500000000000007 0.05049300000000001
0 0.37041700000000005 0.6145319999999999 0.04916700000000007 0.07389199999999996
0 0.41375000000000006 0.8115760000000001 0.04249999999999998 0.04187200000000002
0 0.36625 0.7524630000000001 0.057499999999999996 0.09113300000000002
4 0.40625 0.8189659999999999 0.015832999999999986 0.02463099999999996
0 0.564583 0.420567 0.04583300000000001 0.156404
0 0.62875 0.424261 0.025832999999999995 0.17857100000000004
0 0.74875 0.449507 0.03416700000000006 0.16995099999999996
0 0.81 0.522783 0.03833299999999995 0.17610800000000004
0 0.77125 0.637931 0.05249999999999999 0.17980300000000005
0 0.983333 0.472906 0.033332999999999946 0.17241399999999996
0 0.87875 0.43165000000000003 0.04249999999999998 0.17118200000000006
0 0.8520829999999999 0.37069 0.030833 0.09113300000000002
0 0.865 0.307882 0.026666999999999996 0.09359600000000001
0 0.80125 0.344828 0.029167000000000054 0.15763499999999997
0 0.741667 0.26847299999999996 0.036667000000000005 0.08866999999999997
0 0.7720829999999999 0.29803 0.03416699999999995 0.07142900000000002
2 0.761667 0.28263499999999997 0.01333300000000004 0.025861999999999996
0 0.6875 0.25800499999999993 0.040000000000000036 0.13423599999999997
0 0.675 0.20812799999999998 0.031667 0.14285699999999998
0 0.613333 0.128695 0.03333300000000006 0.08743800000000002
0 0.491667 0.115764 0.026667000000000107 0.066502
