5 0.2093233056900901 0.7290569630208408 0.1069866285554397 0.1300955935988194
5 0.2746731575357487 0.1819642460867294 0.12158413801095697 0.10617963371164449
5 0.2953298142290688 0.534723534091227 0.08135898006684278 0.08196501837327902
5 0.25773043502488213 0.6731441288407234 0.07258895507876739 0.055406973997312536
1 0.5486912610309231 0.17216662481035763 0.3595574570682547 0.22158568076215737
1 0.461358252111957 0.44634462220701276 0.22248924216764382 0.18248806362956005
1 0.4972727479919461 0.7247457201023355 0.31574283195722486 0.2166317160352621
0 0.5600371657861223 0.16785740680591163 0.6810922736635739 0.25990713538134064
0 0.49371720438751276 0.45781779327093064 0.5096541875146166 0.2483898367970927
0 0.4152601397363863 0.7320010112605613 0.5206622298032182 0.24373452752138802
0 0.4086049608836924 0.633891850768733 0.3909914893384022 0.14254051995695838
