3 0.806641 0.16614599999999996 0.052343999999999946 0.073958
3 0.7609379999999999 0.37760400000000005 0.057813 0.07395800000000002
3 0.794141 0.7375 0.03203100000000003 0.05208299999999999
3 0.783984 0.8203120000000002 0.04765600000000003 0.07187500000000002
2 0.383984 0.559375 0.01171899999999998 0.022916999999999965
0 0.8847660000000002 0.154167 0.200781 0.11875000000000001
0 0.864062 0.365104 0.264062 0.184375
0 0.864062 0.736979 0.15625 0.08020799999999995
0 0.877344 0.847396 0.24531199999999997 0.161458
0 0.31132800000000005 0.473438 0.103906 0.06979200000000002
0 0.439063 0.555729 0.13125000000000003 0.06354199999999999
