2 0.6737010000000001 0.24250000000000005 0.08116899999999994 0.040000000000000036
2 0.535714 0.32 0.08441600000000005 0.05999999999999994
2 0.9074679999999999 0.30625 0.08766200000000002 0.0625
2 0.20454499999999998 0.45375 0.08441600000000005 0.0625
2 0.030843999999999983 0.4 0.061687999999999965 0.050000000000000044
1 0.675325 0.13124999999999998 0.12987000000000004 0.13749999999999996
0 0.905844 0.1825 0.18181800000000004 0.32499999999999996
0 0.689935 0.13749999999999996 0.17207800000000006 0.2749999999999999
0 0.535714 0.1825 0.17532499999999995 0.365
0 0.180195 0.29625 0.13961 0.3474999999999999
0 0.07142900000000002 0.3075 0.11688299999999996 0.27
