4 0.551429 0.407051 0.01714300000000002 0.03632500000000005
4 0.685714 0.35470100000000004 0.014286000000000021 0.025641000000000025
4 0.7707139999999999 0.433761 0.02142900000000003 0.034187999999999996
4 0.657857 0.5 0.015714000000000006 0.017094000000000054
4 0.7614289999999999 0.516026 0.01714300000000002 0.019230999999999998
4 0.607857 0.527778 0.015714000000000006 0.012820999999999971
0 0.5528569999999999 0.360043 0.039999999999999925 0.143162
0 0.702143 0.3173080000000001 0.05571399999999993 0.09615399999999996
0 0.758571 0.377137 0.04571400000000003 0.147436
0 0.755714 0.47649600000000003 0.028570999999999902 0.08974400000000005
0 0.649286 0.442308 0.032857000000000025 0.14102599999999998
0 0.6064290000000001 0.48290599999999995 0.02428599999999992 0.10683799999999999
0 0.738571 0.543803 0.022856999999999905 0.06623899999999994
0 0.828571 0.462607 0.028571000000000013 0.0833330000000001
