3 0.875 0.6906669999999999 0.08199999999999996 0.08000000000000007
3 0.663 0.6493329999999999 0.05400000000000005 0.039999999999999925
3 0.45799999999999996 0.630667 0.04799999999999999 0.034667
3 0.4099999999999999 0.6026670000000001 0.035999999999999976 0.058666999999999914
3 0.19 0.6293329999999999 0.055999999999999994 0.06400000000000006
5 0.735 0.642667 0.04200000000000004 0.058667000000000025
0 0.866 0.374667 0.17199999999999993 0.701333
0 0.734 0.484 0.06400000000000006 0.3759999999999999
0 0.6619999999999999 0.45333299999999993 0.09199999999999997 0.44266700000000003
0 0.45600000000000007 0.45999999999999996 0.07600000000000001 0.4026670000000001
0 0.403 0.45866700000000005 0.066 0.3520000000000001
0 0.194 0.44666700000000004 0.092 0.4346669999999999
0 0.97 0.44399999999999995 0.06000000000000005 0.3759999999999999
