5 0.3268756407724367 0.698749580456267 0.14201490167680642 0.10971969664817638
5 0.30385308118431775 0.4195591319279465 0.08932923259943099 0.0903952112495201
5 0.3829408773494262 0.5529099170976784 0.09631506719363248 0.09563896036464059
5 0.3405140374907252 0.2391407919198448 0.09406538402544434 0.10443597446663683
0 0.6422332206162117 0.1637649089592233 0.7062828076465459 0.23316743064116677
0 0.6316892875644428 0.37409250791385884 0.7366214248711145 0.23749316891891814
0 0.672249290907253 0.5708186204616998 0.6555014181854938 0.18967586328513203
0 0.6359262370079346 0.7597665943799286 0.7281475259841307 0.2582048545832064
1 0.6033822655981091 0.7776413908078351 0.44877444468535055 0.1896794506257391
1 0.6709301073534477 0.5710845597853886 0.3675173937674567 0.16422045993640616
1 0.583826719096213 0.38096707673441443 0.36357905919133304 0.17656001415405304
1 0.6375649734446629 0.16414651033538685 0.4032375297131108 0.19285479891077265
