4 0.6384062259981819 0.364175659529002 0.031414528156917365 0.048012647263335095
2 0.5877395655575003 0.34148182590720305 0.03213855604218119 0.04399918858750429
5 0.5282337505867793 0.33158613333629766 0.035162937167873776 0.050211537613317314
5 0.4517105336918384 0.36256150716547697 0.035731811509751465 0.06238005258631801
5 0.3970515974964285 0.3762663648987973 0.029302785654199748 0.041842963813162826
5 0.33533110035692093 0.3256167710360588 0.02977684760576438 0.051983392957330066
2 0.28413003681160165 0.2947678811170902 0.0500992741873697 0.07721730070949673
4 0.15919310652125196 0.29400841365219677 0.04448807456447987 0.054694791683148836
0 0.13530512589293836 0.5601678115739421 0.10851711689774815 0.5858616616028438
0 0.6218538106584685 0.5615723713917699 0.09778706224087386 0.45382256522568526
0 0.5764477497915894 0.5340431734886926 0.07702504494494378 0.43868637363585006
0 0.5178771237660816 0.4845570942736991 0.06904353556423032 0.36546171888866613
0 0.446624661806528 0.5594780172774853 0.08149748184116368 0.4368718053100014
0 0.3872265941840366 0.5668637672335001 0.06703622081614702 0.4200065187641843
0 0.31992456097671856 0.5474572715963204 0.07482709137332011 0.4891749544475062
0 0.27861703512423186 0.6085342240840217 0.1405694618710232 0.6865191144521765
1 0.6327304175373217 0.5051703376147623 0.06007082972174049 0.1930317104559876
1 0.5859721273331431 0.4674153320100408 0.058838268647672165 0.16666659468115275
1 0.5221302723265964 0.48170715024561334 0.054400302988692195 0.18871930831350003
1 0.4491845963449774 0.5047196998989824 0.05771013532823832 0.20101596223200868
1 0.3882259179215687 0.5160975283368125 0.05877894153751356 0.18487670156501307
1 0.3259839526353401 0.47660240653265784 0.05619313708323115 0.1685665889706735
1 0.2696242151393723 0.49734156630343407 0.08771107895186853 0.277293672153504
1 0.1353659410916626 0.4707398503901065 0.08033291515027276 0.23647567768581912
