5 0.28247648937881586 0.11137327279430893 0.16249531063091321 0.16205823415167278
5 0.6592183191305914 0.2903839987707712 0.07678791608764368 0.07387919613349025
5 0.8775261211305132 0.40730511678164716 0.059826723550320704 0.060929501128711705
1 0.8595935712713632 0.5652023082462456 0.12832062738538774 0.2094775644153224
1 0.6394804706947119 0.4378465236870601 0.11740276514647141 0.1994050369054865
1 0.471637053541268 0.5749637324297125 0.33469298902090727 0.5196416610595465
1 0.17275321083132056 0.5363476567067569 0.2788568955259516 0.525820476019092
0 0.17402759035918314 0.4787550462043375 0.3480551807183663 0.8950382153767553
0 0.4646366876033494 0.5195984979492946 0.36594790086079027 0.8764128830923494
0 0.8507656429724536 0.627385332769642 0.17164328906113502 0.5264369991096312
0 0.6352103118715327 0.500522986733075 0.14390597832097896 0.5501056459740192
4 0.46595042419752963 0.1551275255629309 0.15932620727443209 0.1706056622617729
