2 0.713379 0.483187 0.03808599999999995 0.04239800000000005
4 0.6660159999999999 0.453947 0.02343799999999996 0.024853999999999987
4 0.563477 0.4634499999999999 0.03125 0.03801199999999999
4 0.450684 0.44883 0.032227000000000006 0.026316000000000006
2 0.32958999999999994 0.436404 0.030272999999999994 0.027778000000000025
2 0.398926 0.429094 0.05175799999999997 0.04824600000000001
2 0.206055 0.415205 0.033203000000000094 0.03216399999999997
2 0.24609399999999998 0.432749 0.06445299999999998 0.061404000000000014
0 0.666992 0.544591 0.04492200000000002 0.197368
0 0.713379 0.6535090000000001 0.077148 0.3742690000000001
0 0.572754 0.6235379999999999 0.077148 0.3494149999999999
0 0.462891 0.530702 0.06054700000000002 0.18128699999999998
0 0.405762 0.701023 0.11816400000000005 0.595029
0 0.33105499999999993 0.6089179999999998 0.07031200000000004 0.3757309999999999
0 0.18554700000000002 0.4992690000000001 0.06640599999999997 0.21198800000000007
0 0.24804700000000002 0.696637 0.109375 0.603801
1 0.714844 0.589181 0.07226599999999994 0.14327500000000004
1 0.6660159999999999 0.510234 0.03320299999999998 0.07017500000000004
1 0.574219 0.564327 0.06054700000000002 0.11988299999999996
1 0.45752 0.544591 0.06542999999999999 0.11549699999999996
1 0.326172 0.535819 0.058594000000000035 0.11842100000000005
1 0.40918 0.6052629999999999 0.10546900000000003 0.21637399999999996
1 0.241211 0.622807 0.10742200000000002 0.236842
1 0.19384800000000002 0.491228 0.04199200000000003 0.061404000000000014
