4 0.865838180275403 0.6111036125172453 0.07346080776913522 0.07010417365048749
4 0.6947760160533702 0.5500617992578827 0.05235527864095113 0.05961818612844405
4 0.6741302566790527 0.5777149883481343 0.048779224207396776 0.0522653857152382
4 0.5742879866007478 0.5466823914901261 0.06268883822824589 0.07108084960180339
4 0.5182911252725171 0.5487647973169267 0.04863332903168327 0.0564126417681986
4 0.41979919688384915 0.4993501994259041 0.04133532498886089 0.045854296994747745
3 0.3689988000167371 0.4729269366668939 0.060090968210913476 0.05773476274301298
4 0.24957584303433492 0.5324797952649367 0.08972030769611611 0.08752515931083144
0 0.32399346075752766 0.29197000658675254 0.3478489446329165 0.5839400131735051
0 0.46791464724207155 0.354662639374522 0.15960613300948595 0.3681903937669753
0 0.42490858485341065 0.28548208810389814 0.20364177916439363 0.44627981312558945
0 0.5592913896586198 0.3531158832122689 0.20212382028554382 0.4458270465920836
0 0.6314748033259747 0.338330361701233 0.2286737979860476 0.4977482016509265
0 0.7545831492358825 0.34123769925552877 0.24237887192269503 0.47878680889444347
0 0.9012352742115534 0.3914236415903834 0.19752945157689328 0.5302190187940768
0 0.6801952088492151 0.48810742321050204 0.12769895700388723 0.2287627024223638
1 0.9151285735866912 0.4680188246459858 0.15076049275128822 0.22726090268613464
1 0.7378704006870451 0.41389513457917476 0.13880652313642894 0.19645643717419337
1 0.6075156385218987 0.40757274434362956 0.13685051651721214 0.20844422443246607
1 0.5496798866157604 0.42413315336298557 0.10501718630159151 0.17590105003790846
1 0.4466263000431849 0.4121797966511024 0.09046498445617301 0.13174928330007357
1 0.4125308701775524 0.3519186393481032 0.12637069954097674 0.20112760264496393
1 0.2856279892837466 0.3478781710929393 0.20076552327288122 0.2882723526736968
