4 0.696094 0.20925899999999997 0.02343800000000007 0.027777999999999997
1 0.664323 0.250463 0.04218799999999989 0.047221999999999986
4 0.503385 0.356019 0.021353999999999984 0.019444000000000017
4 0.40911499999999995 0.240741 0.02447900000000003 0.02222200000000002
1 0.25546899999999995 0.38842600000000005 0.03281299999999998 0.028704000000000007
1 0.40729200000000004 0.31064800000000004 0.033332999999999946 0.058333000000000024
1 0.48775999999999997 0.391204 0.036979000000000095 0.034258999999999984
0 0.667187 0.266667 0.09791700000000003 0.14629599999999998
0 0.48541700000000004 0.460648 0.08020799999999995 0.22499999999999998
0 0.40416700000000005 0.355093 0.05104200000000003 0.26759299999999997
0 0.250521 0.425926 0.04583300000000001 0.135185
