5 0.30029399999999995 0.11328099999999999 0.11894299999999997 0.08789099999999998
3 0.307636 0.33154300000000003 0.03377399999999997 0.03808600000000001
5 0.385463 0.481445 0.024963000000000013 0.03320299999999998
5 0.342878 0.6840819999999999 0.03377399999999997 0.03417999999999999
5 0.229809 0.891113 0.04552099999999998 0.05957000000000001
1 0.41189400000000004 0.096191 0.19530100000000006 0.11816399999999999
1 0.44493400000000005 0.31933599999999995 0.12628500000000004 0.072266
1 0.483847 0.48046900000000003 0.08957400000000004 0.046875000000000056
1 0.467695 0.6933590000000001 0.11600599999999994 0.04101600000000005
1 0.41042600000000007 0.90625 0.18942700000000007 0.07421900000000003
1 0.5132160000000001 0.40918 0.010279000000000038 0.01171899999999998
1 0.508076 0.448242 0.01468400000000003 0.013672000000000017
1 0.502937 0.41015599999999997 0.010278999999999983 0.007811999999999986
0 0.540382 0.10498000000000002 0.599119 0.155273
0 0.525698 0.311035 0.472834 0.10644500000000001
0 0.518355 0.48583999999999994 0.2966230000000001 0.057616999999999974
0 0.527166 0.684082 0.399413 0.063477
0 0.508076 0.8979489999999999 0.599119 0.08496099999999995
0 0.528634 0.7480470000000001 0.04405300000000001 0.013672000000000017
0 0.528634 0.722656 0.04405300000000001 0.009766000000000052
0 0.512482 0.444824 0.06167400000000001 0.014647999999999994
0 0.518355 0.402832 0.05873700000000004 0.014647999999999994
0 0.519824 0.415039 0.05286300000000005 0.017577999999999983
