4 0.816667 0.59625 0.09666700000000006 0.08250000000000002
4 0.963333 0.69 0.07000000000000006 0.125
4 0.685 0.49124999999999996 0.06666699999999992 0.0674999999999999
4 0.6266669999999999 0.44250000000000006 0.043332999999999955 0.05999999999999994
4 0.553333 0.40625000000000006 0.026666999999999996 0.02749999999999997
4 0.338333 0.4 0.040000000000000036 0.040000000000000036
4 0.30500000000000005 0.45875000000000005 0.03333300000000006 0.02749999999999997
1 0.875 0.32125000000000004 0.19333299999999998 0.35749999999999993
1 0.7150000000000001 0.2837499999999999 0.10333300000000001 0.24250000000000005
1 0.628333 0.3125 0.05999999999999994 0.16500000000000004
1 0.561667 0.30874999999999997 0.05666700000000002 0.11250000000000004
1 0.33499999999999996 0.3000000000000001 0.06000000000000005 0.10999999999999999
1 0.2874999999999999 0.36000000000000004 0.05500000000000005 0.08999999999999997
0 0.976667 0.6087500000000001 0.043332999999999955 0.24749999999999994
0 0.8575 0.33375 0.141667 0.6324999999999998
0 0.715833 0.27625 0.11833300000000002 0.5025
0 0.629167 0.25625 0.04166700000000001 0.4075
0 0.5608329999999999 0.23875000000000002 0.08500000000000008 0.35749999999999993
0 0.326667 0.20750000000000002 0.10333300000000001 0.405
0 0.27916700000000005 0.31000000000000005 0.088333 0.31000000000000005
