4 0.54855 0.46372500000000005 0.010087999999999875 0.013724999999999987
4 0.12988700000000003 0.4803920000000001 0.010087999999999986 0.015685999999999978
0 0.13366999999999996 0.46078399999999997 0.022699000000000025 0.054902000000000006
0 0.54918 0.4264710000000001 0.02900400000000003 0.08823499999999995
0 0.936318 0.757843 0.018915999999999933 0.052941000000000016
1 0.54918 0.436275 0.02900400000000003 0.04117599999999999
1 0.13493100000000002 0.44607800000000003 0.022699000000000025 0.04509799999999997
0 0.7496849999999999 0.4147060000000001 0.02900400000000003 0.08823499999999995
0 0.778689 0.423529 0.021437999999999957 0.07843100000000003
0 0.799496 0.42647100000000004 0.022698999999999914 0.06078399999999995
