5 0.009439479489476588 0.5192504972730774 0.018878958978953177 0.025105767367750942
4 0.3185598354712389 0.49259074078141274 0.02486986076105352 0.024071353315659794
5 0.39380369407447 0.4617037028422762 0.02075330097061784 0.023810463412284655
5 0.7459735908073175 0.403375361318358 0.03145905303423857 0.029815957179763597
5 0.8026626723332675 0.7894724554191166 0.02581655742692801 0.03168190755123246
5 0.6897093577503497 0.8288034659173291 0.02664602966324059 0.026201726640222134
3 0.24039583840435164 0.24043428569093633 0.019267031363260273 0.024905415547013643
5 0.7149100926650145 0.6556696609807066 0.0209238822747293 0.03013044615417826
5 0.03835379054238659 0.592906702328853 0.07670758108477319 0.18442847723868283
0 0.327338418471458 0.6143831534818613 0.1045861051332706 0.08694191046993716
0 0.33303769101438263 0.5799942943162079 0.11288185769517262 0.2148803513788744
0 0.42206892792553524 0.5175848634067766 0.0914875435796988 0.16476040249654983
0 0.2455431790510566 0.2602043028682972 0.06828081441358377 0.09735790250050008
0 0.7572782768829553 0.4560101755058724 0.07180102432692248 0.1292791171081435
0 0.9938255869518369 0.45953678626850303 0.012348826096326149 0.108332269433556
0 0.8262455181885993 0.8433247450693306 0.08129538891307586 0.14534242623431004
0 0.7100368901479821 0.8900768700686474 0.08189983654731292 0.1564987267774448
0 0.737078183294213 0.6668479895792785 0.08237928135701322 0.11174867406433653
0 0.7075711029977485 0.8815947016610148 0.049120816161588365 0.05891198928185104
