5 0.352344 0.166667 0.016145999999999994 0.016666999999999987
5 0.385156 0.09629599999999999 0.01718799999999998 0.016667
3 0.450781 0.10277799999999998 0.016145999999999994 0.024073999999999998
4 0.485938 0.084259 0.017708 0.024073999999999998
2 0.520052 0.098611 0.01822900000000005 0.021295999999999995
0 0.3630209999999999 0.14213 0.02395799999999998 0.099074
0 0.38567700000000005 0.150926 0.027604000000000017 0.12963000000000002
0 0.44531199999999993 0.14537 0.029167 0.109259
0 0.48515600000000003 0.135648 0.027604000000000017 0.119444
0 0.521094 0.1375 0.02343799999999996 0.10648100000000002
