4 0.475694 0.8125 0.04861100000000007 0.05902800000000008
5 0.458333 0.6662330000000001 0.04166700000000012 0.05642399999999992
4 0.523148 0.455729 0.025463000000000013 0.03472200000000003
4 0.5376159999999999 0.398003 0.03819399999999995 0.03559000000000001
4 0.554398 0.32812500000000006 0.032406999999999964 0.03645799999999999
4 0.5266199999999999 0.291667 0.02777799999999997 0.03125
5 0.549769 0.060764000000000096 0.018518999999999952 0.02083299999999999
4 0.5925929999999999 0.042101000000000055 0.016203999999999996 0.01822900000000005
1 0.665509 0.804688 0.212963 0.07986099999999996
1 0.622106 0.029513999999999985 0.03588000000000002 0.02604200000000001
1 0.574074 0.039497000000000004 0.02083299999999999 0.02170099999999997
4 0.40104199999999995 0.668837 0.012730999999999937 0.01128499999999999
0 0.427662 0.6484380000000001 0.021990999999999872 0.02430600000000005
0 0.406829 0.6684030000000001 0.028934999999999933 0.02083299999999999
0 0.71412 0.801215 0.5578700000000001 0.13194400000000006
0 0.670718 0.657552 0.46643499999999993 0.08767400000000003
0 0.650463 0.44878500000000004 0.2777780000000001 0.06770799999999999
0 0.648727 0.37543400000000005 0.255787 0.08246500000000001
0 0.6047449999999999 0.31119800000000003 0.13773099999999994 0.06336799999999998
0 0.578125 0.275608 0.12847200000000003 0.04774299999999998
0 0.561343 0.049045000000000005 0.04861099999999996 0.05121500000000001
0 0.625 0.03385400000000005 0.07638900000000004 0.04513900000000004
