5 0.7164242446531304 0.1570060120459471 0.013999540281307454 0.015636106050468584
5 0.723702879093072 0.37826326915419695 0.028405890015400614 0.02938385456841286
5 0.6571917428650357 0.2583394489595793 0.02765840178451584 0.026527608853562812
5 0.6089605171011291 0.21221453377768587 0.022977908598854624 0.029293215785965554
1 0.6417537820815998 0.3829248329761682 0.09418128476831944 0.0638911114578557
1 0.593483854250854 0.2734855693202827 0.07802818775620146 0.05035117410981277
1 0.5608979123849307 0.21411163036288833 0.07282020446662052 0.04765834843029135
1 0.6832525396428004 0.16645085889474176 0.0385470655635487 0.023391013643531938
0 0.6070783481349685 0.41031069400440945 0.28240793420319105 0.1464071257329369
0 0.5703874370415867 0.27800453535680836 0.21261062653365237 0.10685681564377109
0 0.5510700191628572 0.22393192499083245 0.15603242704099352 0.08340331040849841
0 0.6878836170181476 0.16638346540003263 0.07987283839820325 0.04019228645748529
0 0.654688510693497 0.11060167562552364 0.052108023702780226 0.04423359292905227
5 0.8585229729374358 0.7809127478966971 0.041592982575388904 0.04879784686818289
1 0.753788536846226 0.832736003358801 0.1464846293438501 0.08822069490875406
0 0.7172651090326191 0.8392424303467558 0.35270878350524026 0.17411683062289995
