1 0.1669721003611115 0.09635477883883534 0.041201991748483685 0.05045957612025405
1 0.14927743029818824 0.18266056690212362 0.029652952331850252 0.02958256938840209
1 0.24866493605486575 0.17913013988600401 0.05416529833918976 0.04668599694365402
1 0.31780470371585223 0.2688740742807788 0.16604478156222527 0.1182066531008445
1 0.18865784155818383 0.3056922876606857 0.09172429052983774 0.0632183075099973
1 0.16275027863713298 0.22373833881108052 0.0324163818974087 0.03011245415364988
1 0.20754312280547074 0.4347569936533543 0.10409781499980492 0.037027324510380044
1 0.18180599859965182 0.5031906908037415 0.040612209627744866 0.02804217229723699
1 0.20727423402260126 0.5684459612953849 0.08607615270453653 0.05758353353471779
1 0.31479439226490624 0.7562970247711782 0.17170587075341198 0.1242989491860681
1 0.24351810081033673 0.8339405745537427 0.06491793337956869 0.06342741864047052
1 0.15750529104836908 0.48231272992092783 0.010740598670568036 0.016283923659611843
3 0.15054324681835193 0.12608714850659353 0.02672009859286345 0.022647688029552665
2 0.20422709036510178 0.15168584144123956 0.02389648717825002 0.019830313078282757
5 0.28658594689335737 0.3644630558552494 0.08284330471634921 0.039211225318497134
5 0.10618557334895701 0.3241144822639353 0.04793741079423197 0.04515060260301873
5 0.129771131438289 0.4617540074849554 0.044824011508080186 0.03135325068610273
2 0.12082309874689652 0.18707169289418416 0.01754823593518226 0.013719938365603146
2 0.1264340384901106 0.21713984444830636 0.018948462770715213 0.014671139840403441
2 0.12798781916838345 0.2500616244995693 0.014747782264116494 0.0118175354160025
4 0.14071626768607365 0.5768353558809605 0.03146441970968569 0.020029418707696256
4 0.23393005584066254 0.6526692976308165 0.08037786543126263 0.07617805283107737
0 0.22354775932516385 0.10104682165244072 0.18059286847308642 0.07012817511619764
0 0.24577512460629183 0.17394129918619636 0.0974566829438161 0.0720555677457077
0 0.1624212824360592 0.18506165196711039 0.1055221145749599 0.03889352205958921
0 0.17956931221438566 0.22192240076289046 0.12823703354300353 0.039948312912294615
0 0.14175956650515487 0.2501571166783382 0.05078709891719603 0.022823688208240656
0 0.46243247772345375 0.29711607436266985 0.4307989309672456 0.1992354833294518
0 0.1553939038521838 0.31045885749997904 0.1477984361780052 0.07795182857738431
0 0.2726586480238371 0.4369352866012304 0.3378119105799073 0.061920572419792874
0 0.19384551694672364 0.5028739416957954 0.11972826019758143 0.030123645801392318
0 0.2510380430029494 0.5702703696567011 0.2507527960457654 0.07151683955334354
0 0.4762472117559463 0.7044366143423345 0.5595566213535048 0.20673761692788362
0 0.23509458403795597 0.814705064952066 0.0955959811140824 0.10583803577079232
