1 0.8885419999999999 0.453704 0.10104199999999997 0.20740700000000006
1 0.717448 0.46574100000000007 0.12343799999999994 0.30000000000000004
1 0.436198 0.427778 0.10677099999999995 0.27592600000000006
1 0.286979 0.378241 0.09062499999999996 0.276852
1 0.17005199999999998 0.437037 0.08177100000000004 0.27407399999999993
0 0.89375 0.566204 0.14270799999999995 0.662037
0 0.7033849999999999 0.577778 0.15156200000000009 0.7444439999999999
0 0.44921900000000003 0.561574 0.11406200000000011 0.752778
0 0.282813 0.343981 0.11250000000000004 0.410185
0 0.17343799999999998 0.554167 0.10624999999999996 0.730556
0 0.08828100000000011 0.671759 0.098437 0.426852
