5 0.7100000000000001 0.1975 0.05555599999999994 0.08499999999999996
5 0.724444 0.4191669999999999 0.053333000000000075 0.06166700000000003
5 0.697778 0.5425 0.053332999999999964 0.061666999999999916
5 0.7 0.629167 0.053332999999999964 0.06166700000000003
5 0.728889 0.773333 0.053333000000000075 0.08666699999999994
1 0.488889 0.7941670000000001 0.27555600000000013 0.141667
1 0.505556 0.651667 0.21999999999999997 0.1133329999999999
1 0.5188889999999999 0.5316670000000001 0.22000000000000008 0.11333300000000002
1 0.532222 0.39666699999999994 0.21999999999999997 0.11333300000000002
1 0.493333 0.19916699999999998 0.26222199999999996 0.11833300000000002
0 0.395556 0.806667 0.746667 0.156667
0 0.407778 0.6475 0.6422219999999998 0.10499999999999998
0 0.41555600000000004 0.5225 0.648889 0.12833299999999992
0 0.42444400000000004 0.385833 0.6622219999999999 0.15500000000000003
0 0.375556 0.19833299999999993 0.7511109999999999 0.18666700000000003
