5 0.3584129757356114 0.19836778969658636 0.0895152910454734 0.08454122529619362
5 0.25880285797264463 0.4677373916742401 0.11390682681458075 0.08458412073259808
5 0.24140630045823086 0.6677618171162829 0.12287818907948714 0.10925385081206118
5 0.15015284564928777 0.6458644980771733 0.08859392380707484 0.09158355893393344
1 0.33790052854358144 0.8086327971508007 0.3145961659595777 0.21941984072927545
1 0.3892804004686776 0.7111470070408663 0.20265268554993754 0.13124499341190854
1 0.45256079352214 0.4954695968846454 0.25052912850368003 0.16870516373976135
1 0.5579105473908798 0.2585925807143268 0.24504698672735348 0.18587458443817095
0 0.6137388440844059 0.3099730386861852 0.6447502318688643 0.3389575845724128
0 0.5203362161294924 0.5284845015899007 0.631444580268391 0.31507077711773734
0 0.4991339762211049 0.8323641105380144 0.6827347047487966 0.3352717789239712
0 0.4898067961503634 0.7477719147727795 0.7491738430525792 0.29623007179795424
