5 0.451187 0.923762 0.018469999999999986 0.017822000000000005
5 0.533641 0.8836630000000001 0.01715 0.01881199999999994
5 0.488127 0.6415839999999999 0.01319300000000001 0.021781999999999968
5 0.48285 0.5079210000000001 0.015830999999999984 0.013861000000000012
5 0.389842 0.435149 0.011873000000000022 0.010890999999999984
0 0.503958 0.926238 0.131926 0.034653000000000045
0 0.552111 0.883663 0.06200499999999998 0.036634000000000055
0 0.544195 0.6415839999999999 0.12532999999999994 0.03564400000000001
2 0.495383 0.5519799999999999 0.014512000000000025 0.01683200000000007
0 0.544855 0.55297 0.12401100000000004 0.04653499999999999
0 0.523087 0.5079210000000001 0.096306 0.02574299999999996
0 0.389182 0.4366339999999999 0.026384999999999992 0.03168300000000002
0 0.507256 0.10346500000000003 0.07255900000000004 0.04653499999999999
