3 0.15102320069278963 0.2292378884585235 0.2195087528759635 0.1949601299546896
3 0.5965451904291537 0.8420579956409624 0.22449728440778904 0.2163606993298618
3 0.23736945210375093 0.893719822455125 0.19204212705318224 0.16618973998310216
5 0.21211182621732264 0.5944134625686162 0.16472600344304883 0.1449103804948143
5 0.07929053057156255 0.38206584896265205 0.1585810611431251 0.18319348440373823
1 0.45172257712662134 0.14106400194392874 0.44998432793647986 0.28212800388785747
1 0.3871749126678346 0.34103790498068987 0.3794005327784017 0.27803154344740016
1 0.5674203412004721 0.5567156748495763 0.49310876312623286 0.27258333735942275
1 0.8924188379561995 0.8345752976802483 0.21516232408760116 0.3308494046395034
1 0.5611671580644945 0.7743029277008808 0.4529507678684934 0.3058279712855042
0 0.3541732290993779 0.16693482814386823 0.6606916936422829 0.33386965628773646
0 0.47521995953345453 0.34829427693414083 0.9504399190669091 0.46856487887613785
0 0.5664885431945142 0.5290721162592632 0.8670229136109715 0.3700948876593233
0 0.557997481689698 0.7576388187399248 0.884005036620604 0.4488291363776955
0 0.7389595214489421 0.8139352313157692 0.5220809571021159 0.37212953736846166
