3 0.6019999999999999 0.257333 0.09199999999999997 0.08799999999999997
4 0.71 0.365333 0.11199999999999999 0.14399999999999996
4 0.428 0.384 0.132 0.15999999999999998
4 0.183 0.306667 0.138 0.11199999999999999
1 0.707 0.678667 0.21799999999999997 0.36000000000000004
1 0.43100000000000005 0.737333 0.22200000000000003 0.445333
1 0.179 0.628 0.18200000000000002 0.40266699999999994
0 0.713 0.646667 0.21799999999999997 0.696
0 0.5920000000000001 0.590667 0.15600000000000003 0.744
0 0.42000000000000004 0.645333 0.25200000000000006 0.688
0 0.192 0.62 0.20000000000000004 0.744
