5 0.252 0.465333 0.06400000000000006 0.05600000000000005
5 0.334 0.493333 0.06399999999999995 0.06400000000000006
5 0.4080000000000001 0.5359999999999999 0.05999999999999994 0.053333000000000075
5 0.5740000000000001 0.481333 0.06799999999999995 0.05066700000000002
3 0.486 0.5493330000000001 0.06000000000000005 0.058666999999999914
1 0.591 0.3159999999999999 0.10599999999999998 0.19466700000000003
1 0.486 0.33599999999999997 0.1200000000000001 0.23466699999999996
1 0.4050000000000001 0.34666699999999995 0.08199999999999996 0.20799999999999996
1 0.323 0.326667 0.08599999999999997 0.20000000000000007
1 0.23400000000000004 0.298667 0.08799999999999997 0.213333
0 0.594 0.258667 0.11599999999999988 0.506667
0 0.488 0.29600000000000004 0.09200000000000008 0.5653329999999999
0 0.4090000000000001 0.290667 0.08199999999999996 0.570667
0 0.316 0.26933300000000004 0.11199999999999999 0.522667
0 0.23600000000000004 0.26 0.10799999999999998 0.514667
