2 0.497403 0.7226279999999999 0.054544999999999955 0.03503600000000007
2 0.731169 0.5781020000000001 0.08571399999999996 0.02919700000000003
2 0.516883 0.487591 0.025974000000000053 0.026277000000000106
2 0.4623380000000001 0.30510899999999996 0.057143000000000055 0.05547400000000002
1 0.602597 0.781752 0.15584399999999998 0.07153300000000007
1 0.716883 0.45766399999999996 0.10389599999999999 0.08029200000000003
1 0.618182 0.4905110000000001 0.083117 0.05255500000000002
1 0.636364 0.285401 0.17142900000000005 0.05693400000000004
0 0.664935 0.736496 0.420779 0.14744499999999994
0 0.8207789999999999 0.5036499999999999 0.27532499999999993 0.1693429999999999
0 0.568831 0.48467199999999994 0.166234 0.07299299999999997
0 0.672727 0.31167900000000004 0.46753200000000006 0.08029200000000003
2 0.322078 0.961314 0.03636400000000006 0.024818000000000007
0 0.32597400000000004 0.968613 0.07532499999999998 0.05693399999999993
