5 0.791 0.5007550000000001 0.02400000000000002 0.025680000000000036
4 0.552 0.47205400000000003 0.02400000000000002 0.028700999999999977
4 0.388 0.47431999999999996 0.026000000000000023 0.030210999999999988
4 0.252 0.463746 0.02400000000000002 0.027190000000000047
0 0.2695 0.353474 0.05900000000000005 0.247734
0 0.4115 0.36102700000000004 0.07299999999999995 0.25075499999999995
0 0.5375 0.37462199999999996 0.06299999999999994 0.22658600000000007
0 0.7985 0.398036 0.04300000000000004 0.22507599999999994
1 0.408 0.405589 0.05799999999999994 0.10423000000000004
1 0.535 0.4116309999999999 0.04400000000000004 0.09214500000000003
1 0.797 0.42975800000000003 0.04400000000000004 0.09516599999999997
1 0.27 0.41389699999999996 0.050000000000000044 0.066465
