3 0.025083694289690883 0.15473982261353472 0.050167388579381765 0.26296722409215395
3 0.11533918532136911 0.37295154259004837 0.2245780998658526 0.2519681412890237
4 0.35340768375918286 0.36617179853730125 0.1468192958627903 0.15016464443355926
3 0.4690110796622934 0.324086969288999 0.12846536797610114 0.14874654368638818
3 0.6720347938649028 0.36888795051984935 0.13376576403242768 0.13941103974560026
1 0.4813522847523031 0.73970149348159 0.37162451186678586 0.52059701303682
0 0.17503134479381655 0.5189391481495322 0.3500626895876331 0.9621217037009354
0 0.25505755743485736 0.6161827176128716 0.5101151148697147 0.7676345647742568
0 0.4609225079850072 0.642658414136385 0.4888906491835112 0.71468317172723
0 0.6301279728735467 0.6119861174200937 0.4613956438588074 0.7760277651598128
0 0.8033416997669934 0.6350092276155448 0.39331660046601313 0.7299815447689105
