1 0.356221 0.15375000000000005 0.10915500000000011 0.03416700000000006
4 0.56338 0.832083 0.07511699999999999 0.04916699999999996
4 0.453052 0.665833 0.056338 0.05833299999999997
4 0.528169 0.6637500000000001 0.06572800000000001 0.0625
5 0.396714 0.27208299999999996 0.06572800000000001 0.07583300000000004
4 0.151408 0.30000000000000004 0.0375589999999999 0.036667000000000005
4 0.261737 0.1225 0.04694799999999999 0.03500000000000003
4 0.163146 0.021249999999999936 0.04460100000000011 0.04083300000000001
0 0.673122 0.884583 0.3650229999999999 0.1875
0 0.75 0.609167 0.478873 0.18999999999999995
0 0.644366 0.26833300000000004 0.586854 0.13166699999999998
0 0.27993 0.30791700000000005 0.31338 0.057499999999999996
0 0.367958 0.14583300000000005 0.273474 0.07999999999999996
0 0.325117 0.04208300000000004 0.3661969999999999 0.07416699999999998
0 0.501174 0.6895830000000001 0.1666669999999999 0.09083299999999994
4 0.532864 0.307917 0.044601 0.03916699999999995
0 0.619131 0.31999999999999995 0.233568 0.05833299999999997
