5 0.4815750725082867 0.202037855169937 0.210098430813769 0.21467480814326442
5 0.958037450306992 0.2678868442147192 0.08392509938601622 0.1686820059845515
5 0.796641319566182 0.3377878189719217 0.13732859669741937 0.16833277055048756
5 0.2526686475802712 0.2803054301338909 0.17243119694811468 0.20457977815526188
5 0.028670771832882712 0.2187172292471643 0.057341543665765424 0.20457977815526182
5 0.14225104575998154 0.3119090178351421 0.1281974850288584 0.19192369585293392
0 0.049920871820136804 0.5416753332317165 0.09984174364027361 0.9166493335365671
0 0.19616365341449088 0.5719471286656921 0.231162529261415 0.8561057426686158
0 0.4897250221697601 0.524438440973002 0.5000097964081596 0.9511231180539961
0 0.9282905294494063 0.568139808989801 0.14341894110118747 0.863720382020398
0 0.788089087051055 0.5945328968435155 0.1352876493059778 0.810934206312969
