4 0.490365 0.470129 0.025000000000000022 0.020305000000000017
4 0.5520830000000001 0.464272 0.013542000000000054 0.02577099999999999
5 0.41549499999999995 0.625537 0.016405999999999976 0.018742999999999954
5 0.29401 0.14759899999999998 0.016145999999999994 0.02030499999999999
1 0.30650999999999995 0.184498 0.018228999999999995 0.03319
1 0.41640599999999994 0.679617 0.03958299999999998 0.06364700000000001
1 0.4807290000000001 0.5025380000000002 0.027083000000000024 0.056228000000000056
0 0.366406 0.081804 0.033853999999999995 0.07067599999999999
0 0.30325499999999994 0.196017 0.042447999999999986 0.11401799999999998
0 0.415104 0.714565 0.057813 0.19679800000000003
0 0.481641 0.5230380000000001 0.04453100000000004 0.13158900000000007
0 0.5519529999999999 0.514252 0.030989999999999962 0.13744599999999996
