4 0.4777279867258181 0.18894384827871585 0.048183463851961705 0.055330969364774524
4 0.44623745101366263 0.2761144205814636 0.04889443359192225 0.05160805845016919
4 0.46086220270156214 0.3338134218578428 0.0530955192637107 0.05053472041499113
4 0.44246662828598465 0.44312889448351145 0.0821716008895167 0.08454104616328184
4 0.41777218135385297 0.48540611478070317 0.04129269885443082 0.04328007910437742
4 0.40293942098058855 0.5812503204469628 0.05010866701735256 0.04315251507949436
4 0.39725411642115876 0.6363649155024704 0.04221056700406389 0.04056672421250862
4 0.3972321687399366 0.6794906866264527 0.08480777379486787 0.06863968096339612
4 0.36625007563883377 0.7094337600118549 0.043838597248839095 0.034130292887306846
4 0.3821785276182882 0.7842312661435862 0.0604000810805867 0.06460472272086137
4 0.32346162891830427 0.8947509066777278 0.04262436382340884 0.042585836257981846
1 0.35680353795427877 0.1688954019635391 0.15263945929382505 0.10478565452903665
1 0.327589692393339 0.2449610235349126 0.14223142133186145 0.07557231188211805
1 0.34231789328607476 0.30215524679992334 0.18113080613634686 0.09998597421211392
1 0.26266584140317983 0.38576734475115115 0.21621655270060242 0.11297937263439434
1 0.34280085500575824 0.4405866733702788 0.06827263935090688 0.05267796511820799
1 0.2954449847924864 0.4761157460517948 0.1499226229354775 0.07714854672636695
1 0.2984334827542805 0.5593068947440567 0.15415086563987074 0.09058808819828312
1 0.20304233132694555 0.6375895060950514 0.24253902987750942 0.1551257630582915
1 0.2916373939742567 0.604200246749613 0.13350492003506448 0.06894813140545841
1 0.20686282463399402 0.7440942351266193 0.218492435207 0.12408448888449686
1 0.24429442624980377 0.8743185491605152 0.12450840285025672 0.08257885339597182
1 0.14560442924616593 0.8709243458533524 0.27793156042032713 0.11208708653512323
0 0.31547487865411455 0.15937354881069232 0.3907897272057671 0.15939509562902898
0 0.28994487274078184 0.24092794649467517 0.3617144532247794 0.1253889353994661
0 0.2914343314056053 0.30014283197000113 0.4078017759474112 0.15611146502978063
0 0.2775773473089297 0.3951350554423305 0.4182106215541932 0.18532497319542718
0 0.2627972857112386 0.4594313277211296 0.3721856086650812 0.13333781955647533
0 0.23828859715237533 0.5438249286382949 0.38685865742198944 0.14021353119703422
0 0.23928440318967567 0.6523806607215568 0.42069340247026327 0.19743964546826565
0 0.3207626107396895 0.6106951475178198 0.24612983902304536 0.10073387048826077
0 0.3503040776847214 0.7051138294343582 0.13134566142739645 0.06560415016090781
0 0.21559479255447003 0.74686965634736 0.43118958510894007 0.18336604627652842
0 0.26194034491435875 0.8742530514645039 0.18482862812266546 0.1036452686330055
0 0.2310786966202286 0.8684541092262626 0.4621573932404572 0.18701847796314142
