5 0.774775 0.87 0.10210199999999992 0.11599999999999988
4 0.678679 0.705 0.08408399999999994 0.08200000000000007
4 0.8003 0.5310000000000001 0.1531530000000001 0.14200000000000002
5 0.695195 0.3469999999999999 0.135135 0.134
4 0.7372369999999999 0.25800000000000006 0.075075 0.09999999999999998
5 0.840841 0.046000000000000096 0.13213200000000003 0.09199999999999997
0 0.41591599999999995 0.902 0.81982 0.19199999999999995
0 0.35735725 0.721 0.7147145 0.13800000000000012
0 0.456456 0.5640000000000001 0.8528530000000001 0.19600000000000006
0 0.41141099999999997 0.34199999999999997 0.7627630000000001 0.19999999999999996
0 0.41741700000000004 0.2129999999999999 0.7567570000000001 0.18200000000000005
0 0.46997 0.06599999999999995 0.8678680000000001 0.1319999999999999
