3 0.5740339999999999 0.870714 0.05793999999999999 0.05571400000000004
3 0.54721 0.7000000000000001 0.05150200000000005 0.04285699999999992
3 0.5482830000000001 0.632857 0.049356000000000066 0.037142999999999926
3 0.5214590000000001 0.595 0.03004299999999993 0.02142899999999992
3 0.5053650000000001 0.5685709999999999 0.02789699999999995 0.022857000000000016
3 0.502146 0.38785699999999995 0.04291800000000001 0.04142900000000005
3 0.563305 0.3585709999999999 0.04506399999999999 0.042857000000000034
3 0.5418450000000001 0.26 0.07510699999999992 0.07142899999999996
1 0.47210300000000005 0.895 0.15450600000000003 0.05571400000000004
1 0.464592 0.756429 0.12660899999999997 0.08428600000000008
1 0.479614 0.6035710000000001 0.04506399999999999 0.027143000000000028
1 0.46566500000000005 0.578571 0.06008599999999997 0.01714300000000002
1 0.41309 0.39571399999999995 0.05793999999999999 0.01714300000000002
1 0.46459199999999995 0.33499999999999996 0.10514999999999997 0.04428600000000005
1 0.4141629999999999 0.2 0.16738200000000003 0.09999999999999998
0 0.47210300000000005 0.8957139999999999 0.27896999999999994 0.114286
0 0.41201699999999997 0.748571 0.31330499999999994 0.09428600000000009
0 0.443133 0.647143 0.259657 0.03142900000000004
0 0.47317600000000004 0.605 0.12660899999999997 0.018571000000000115
0 0.454936 0.5778570000000001 0.13733899999999988 0.02142899999999992
0 0.41738200000000003 0.42357100000000003 0.2167380000000001 0.050000000000000044
0 0.420601 0.34500000000000003 0.343348 0.06428599999999995
0 0.36588 0.21285699999999996 0.43133 0.148571
