5 0.62125 0.315 0.04249999999999998 0.021666999999999992
5 0.484375 0.7862499999999999 0.03374999999999995 0.010832999999999982
5 0.5800000000000001 0.8208330000000001 0.04500000000000004 0.015000000000000013
5 0.7618750000000001 0.804583 0.036250000000000004 0.01416700000000004
1 0.478125 0.8387500000000001 0.058750000000000024 0.05083300000000002
1 0.535 0.849583 0.050000000000000044 0.04583300000000001
1 0.606875 0.882083 0.05874999999999997 0.05083300000000002
1 0.7775 0.87 0.05249999999999999 0.07000000000000006
1 0.66375 0.349583 0.0625 0.03249999999999997
0 0.6575 0.369167 0.09499999999999997 0.13333299999999998
0 0.7306250000000001 0.39875 0.04625000000000001 0.11416700000000002
0 0.47125 0.872917 0.04749999999999999 0.19083300000000003
0 0.51875 0.868333 0.05499999999999999 0.12666699999999997
0 0.606875 0.885 0.09875 0.15333299999999994
0 0.77375 0.8745829999999999 0.07250000000000001 0.15249999999999997
