4 0.5761525590299792 0.18470221591402594 0.10274293817669422 0.08045722028242763
4 0.4329138960707109 0.21606143934192573 0.07721997530088875 0.08337407084658546
4 0.29806758299007824 0.28358973078220245 0.11035677320419657 0.08943116919588212
4 0.16940335915769295 0.35940196190929896 0.04298518181183067 0.030142180507257366
4 0.11188710132572494 0.35709543606683614 0.04310011463011554 0.0322897279662151
1 0.6277262989912872 0.4781125388928078 0.18361480589024848 0.36534365215937376
1 0.4407231472658652 0.45581157091515423 0.15962466978151613 0.31694283010369273
1 0.2799828680845789 0.5354950419931614 0.1593948041449463 0.31264773518577754
1 0.1701695210692995 0.45413614454345813 0.05123728115194373 0.07770073157491231
1 0.10915939154112508 0.44016903886348535 0.04002154378854188 0.0813832787215224
1 0.05534789113238623 0.37304528124990377 0.04529620074818218 0.12664108604578955
0 0.6344639396326899 0.5369862216597775 0.2043688294867193 0.7797960732682354
0 0.44526353953087416 0.5406498966161766 0.1873028840224969 0.727483028322507
0 0.2852322073239818 0.5933710819113478 0.2017765173701331 0.7046996161127305
0 0.17262880750780962 0.44646524905132523 0.06637323932753503 0.20058541554151016
0 0.11033417986406079 0.4487227393326827 0.07147029777074324 0.2158497450704464
0 0.06191333057215908 0.42869718743523816 0.060955933942977145 0.28596284844427167
