4 0.596191 0.306735 0.04199200000000003 0.051244999999999985
4 0.471191 0.352123 0.05175799999999997 0.060029
4 0.34326199999999996 0.282577 0.063477 0.05856499999999998
4 0.19970699999999997 0.17716 0.08300799999999997 0.08199099999999998
0 0.5737300000000001 0.530015 0.16503900000000005 0.500732
0 0.45898399999999995 0.590044 0.15234400000000003 0.532943
0 0.3242190000000001 0.594436 0.17968799999999996 0.6471450000000001
0 0.148926 0.56735 0.24511700000000003 0.850659
1 0.571777 0.45388 0.08691400000000005 0.178624
1 0.446777 0.51757 0.094727 0.21229900000000002
1 0.326172 0.49341100000000004 0.10546900000000003 0.26061500000000004
1 0.170898 0.431918 0.15234400000000003 0.31918
