4 0.8882364156777853 0.7012833963618382 0.05677316036812885 0.06182064701029488
4 0.8267825634845015 0.6967834836150203 0.060745050377814414 0.07887837068378611
4 0.5831860655321826 0.77709172802644 0.05981858760381065 0.07428315414311626
1 0.8451776735697204 0.5094593392622808 0.14703091481888442 0.2422755913224076
1 0.7585667441425747 0.5520931202308164 0.17992284662041924 0.23437460016656259
1 0.5802413649578193 0.5966064618173188 0.11452978577149875 0.23896452530344237
1 0.5160537822839271 0.6153331901154541 0.17142103579899887 0.2724415737543319
0 0.8131913641821265 0.410867935078243 0.2790089137458418 0.6295224091124706
0 0.7236669963132698 0.43881476275183734 0.29631445247549903 0.6258847135540385
0 0.5340103569493082 0.4856004727992656 0.22854231868261693 0.49903030301023044
0 0.46761699897069114 0.5236548568461139 0.3161956177032331 0.6231842928741514
