4 0.229375 0.298311 0.10375000000000001 0.11257000000000003
4 0.359375 0.217636 0.08374999999999999 0.09756100000000001
4 0.421875 0.257036 0.05375000000000002 0.07504699999999997
4 0.515 0.31519700000000006 0.08000000000000002 0.08255200000000001
4 0.629375 0.201689 0.07125000000000004 0.080675
4 0.72875 0.21388399999999996 0.10499999999999998 0.09756099999999998
1 0.193125 0.566604 0.13375000000000004 0.33771099999999993
1 0.31875 0.4418389999999999 0.09499999999999997 0.2908069999999999
1 0.43 0.48217600000000005 0.08999999999999997 0.27767400000000003
1 0.529375 0.551595 0.12125000000000002 0.3076920000000001
1 0.6412499999999999 0.41182 0.10999999999999999 0.25703599999999993
1 0.77 0.487805 0.14500000000000002 0.3114450000000001
0 0.76625 0.58348975 0.15749999999999997 0.8330205
0 0.644375 0.559099 0.12375000000000003 0.79925
0 0.531875 0.63789875 0.13125000000000003 0.7242025000000001
0 0.433125 0.591932 0.10125 0.7335830000000001
0 0.33375 0.578799 0.135 0.834897
0 0.193125 0.621013 0.17125 0.7579739999999999
