3 0.4147764368554635 0.5166244094869885 0.04097294407408342 0.04795031658620136
3 0.5137644014680787 0.5552824301847716 0.05055507708438095 0.04446997772731853
3 0.58212256993016 0.5797881080078269 0.068518879281671 0.059400729732138724
3 0.6717015324893036 0.6287494669607954 0.09691983929765069 0.07973594754724855
3 0.7279889270982793 0.594933849038836 0.046618587847249926 0.055094165018198415
3 0.7806854880310672 0.5809471048498636 0.05055507708438112 0.04446997772731853
3 0.878832676566812 0.5758142892750657 0.05744178465646532 0.04733297441767004
0 0.42782356860251536 0.3721753825620174 0.10419602650280102 0.34449774005152445
0 0.5026816549294264 0.38161495439098625 0.08083972763160607 0.34225201334769406
0 0.5402982582362557 0.3493658495361092 0.11654193167323973 0.455710903475698
0 0.6926897728865151 0.38419330771777516 0.176026034107437 0.5758573668287286
0 0.6108987608476839 0.35055051217423033 0.13274438212038453 0.5210840508462246
0 0.7732541142219708 0.36055747665479926 0.1116572306313155 0.5080538206066828
0 0.90402544213387 0.41011703213235545 0.10064557625619563 0.34195627093158587
0 0.7984576156960002 0.422382644262815 0.08567155292470152 0.3581202058400111
0 0.8156200195504557 0.4890390434120986 0.049849021493060586 0.1918371611184861
