4 0.292594677294007 0.3578177289618302 0.052114355623748165 0.050160788166934756
0 0.7196306553003001 0.8079952539143236 0.5607386893993997 0.33552712695232756
0 0.6231437516274445 0.5535934083850114 0.5539010752905331 0.24784238210362552
0 0.6352012370297018 0.4354494237894286 0.5717967465743464 0.26638882577865275
0 0.49788809738651046 0.38588795365874257 0.39077729364519487 0.1876062781365987
0 0.48178416523620415 0.2936235768529312 0.43083065946479165 0.19575116711438098
0 0.5015962920346236 0.1663327136469325 0.6848370476074978 0.32733420301064103
1 0.7056762378190571 0.8462696403359067 0.3150351585859088 0.21279825329881097
1 0.9442049048780881 0.7671041212525097 0.11159019024382388 0.22822051362106177
1 0.5272981903802686 0.5761636993003034 0.21633828226128804 0.14926559119683158
1 0.5595268204627684 0.4611272583532501 0.28915529909027526 0.1751969890622968
1 0.4331146454945728 0.41337950271823576 0.1520963468943472 0.10065219548439819
1 0.4045354584765428 0.3138204897221226 0.1536695085337641 0.10613249203744207
1 0.4385141300909756 0.1893838585688717 0.34284281635344066 0.2308380737822755
