5 0.8781846412227124 0.3750461822678997 0.054632887133479135 0.04436218299726702
5 0.9226230661074231 0.43314187747276733 0.04523661814290847 0.037687129149216125
5 0.7879351410093266 0.6632893817696419 0.06436424796236584 0.06515415356441745
5 0.6930407831922549 0.6303529039826301 0.06681501789023081 0.05162816531875547
5 0.6564022407817205 0.7276050196486292 0.07829110552906482 0.06810827597694391
5 0.639763129052427 0.6139287002208469 0.07655783666306881 0.05993698675779513
4 0.2601463301006953 0.8185924739175832 0.09467118428783158 0.057536930098470496
2 0.29212382308933244 0.7638981124161596 0.07377320052898972 0.05934631826168868
2 0.2681237887857404 0.4036040966943687 0.10510736260253425 0.06911451235158994
2 0.7292951282039439 0.30162502931520585 0.06960087965641093 0.05221909379219314
5 0.9389890711695348 0.0017782264269163184 0.12202185766093054 0.003556452853832637
5 0.7152934374015576 0.4088019154671663 0.4564054562799734 0.17016220666803183
0 0.5250722839170892 0.24891396162884508 0.4724248160709882 0.17043849673991646
0 0.47533451513550806 0.10601713651904852 0.4442103819698379 0.1753778878652216
0 0.3994809334150651 0.01918433553461594 0.3143180379247578 0.03836867106923188
0 0.7000598898585471 0.5012024502939748 0.26209883564575553 0.14455257742944078
0 0.20245937289661511 0.35637534159335915 0.2794434279497759 0.2137789035738416
0 0.1888675066225109 0.7223562533099532 0.3268352605198246 0.18637594591538986
0 0.16584732272456726 0.8651904972724324 0.29233160182444495 0.21183075755863023
0 0.40351302312749415 0.5612544952547226 0.5622303199443766 0.21757944155481135
0 0.5648263829689479 0.7064729522301754 0.2718416544185935 0.15286139886848105
0 0.693072009305002 0.6645140264220508 0.23948052657430152 0.12570901285483294
0 0.7995033787884407 0.5607194297973659 0.033401037168423464 0.032054914418716884
