3 0.6936208932161083 0.8328883214452927 0.05465673196587906 0.06840009353971455
4 0.6249395582633245 0.7491928698249548 0.03555270652655351 0.05508223272289381
3 0.6124597409984407 0.6633328981018645 0.03546121945829084 0.04522598255646082
3 0.6268742664380356 0.6429372851410622 0.0441511741086934 0.03764133204324649
4 0.6100291413883365 0.5587606826982716 0.026628951590590533 0.03747868836633528
4 0.6333445572704952 0.47475892122784014 0.025118305278016395 0.03198944357809547
3 0.6367441682236493 0.3690373557463055 0.033970903605330394 0.041927015582983895
3 0.6112700799023894 0.299178880937929 0.03390991222648865 0.03535618213869551
4 0.6249069652617519 0.19500514156244836 0.036971865770864865 0.050715227344700714
4 0.6188048420748244 0.08827653922026907 0.03844294630311884 0.05182392666864455
0 0.4009557759871813 0.8465572118990907 0.6287738154087231 0.10220028555047833
0 0.4132537288017807 0.7555386998287494 0.4622517101079057 0.094084337175532
0 0.4270318322395335 0.6666969153218383 0.3979229691290117 0.08472687254462563
0 0.4683065755214942 0.6296234831918965 0.3699449197638506 0.05928115174292348
0 0.46410247251871256 0.5699722934505558 0.32779341813737306 0.07969574220745423
0 0.47345935940771183 0.4767906142333468 0.3570370531608337 0.08434736385501251
0 0.4622981442279773 0.37558513739035404 0.3862106267145533 0.08133302331613035
0 0.433046892555828 0.29207130695065653 0.3817995753956068 0.0780069456747583
0 0.4271124956607152 0.20341249658027089 0.43304873600367255 0.09381327115749952
0 0.38871385399685016 0.078364709498535 0.4844289494603219 0.12385639227096934
