5 0.448175 0.865103 0.02335799999999999 0.023459999999999925
5 0.364234 0.8255129999999999 0.02773700000000001 0.03030300000000008
5 0.347445 0.749756 0.03503600000000001 0.03910100000000005
5 0.37956200000000007 0.6256109999999999 0.03211700000000001 0.03519100000000008
5 0.327007 0.550831 0.03795599999999999 0.04007800000000006
5 0.30438 0.4349950000000001 0.03649600000000003 0.04496599999999995
4 0.263504 0.285435 0.04525500000000002 0.03519099999999997
1 0.475912 0.823558 0.11678799999999995 0.053763000000000005
1 0.456934 0.754154 0.128467 0.051807999999999965
1 0.488321 0.63392 0.13284699999999994 0.03616799999999998
1 0.448175 0.548387 0.13722600000000001 0.07233599999999996
1 0.436496 0.432551 0.13138699999999998 0.057674
1 0.408029 0.27566 0.164964 0.07233599999999996
1 0.654015 0.2512219999999999 0.07883200000000001 0.04887600000000003
0 0.559124 0.8817200000000001 0.23649600000000004 0.03714600000000001
0 0.520438 0.820626 0.337226 0.04203299999999999
0 0.514599 0.746823 0.372263 0.05669600000000008
0 0.546715 0.63392 0.35182500000000005 0.049853000000000036
0 0.510219 0.545943 0.39854000000000006 0.07722399999999996
0 0.49781 0.42326500000000006 0.42043800000000003 0.080156
0 0.477372 0.26930600000000005 0.4788319999999999 0.100684
