4 0.39172700000000005 0.323956 0.05352800000000002 0.05989099999999997
4 0.3673969999999999 0.38929199999999997 0.02919700000000003 0.034482999999999986
4 0.383212 0.592559 0.065693 0.06715099999999996
4 0.441606 0.732305 0.051095 0.056261000000000005
4 0.419708 0.84029 0.051095 0.06896599999999997
3 0.37712900000000005 0.672414 0.03892899999999999 0.041741999999999946
3 0.42822400000000005 0.914701 0.034062999999999954 0.050817
3 0.39294399999999996 0.942831 0.021897999999999973 0.023592999999999975
3 0.36861299999999997 0.5372050000000002 0.02676400000000001 0.029038000000000008
5 0.349148 0.03902 0.021897999999999973 0.023593000000000003
1 0.2919709999999999 0.037205 0.07785900000000001 0.045371999999999996
1 0.21654500000000004 0.306715 0.20924599999999993 0.105263
1 0.27007300000000006 0.380218 0.12165499999999996 0.05263200000000001
1 0.20073000000000002 0.6007259999999999 0.24087599999999998 0.10163299999999997
1 0.2749390000000001 0.530853 0.12165499999999996 0.04900199999999999
1 0.261557 0.73412 0.21167900000000006 0.11070800000000003
1 0.25304099999999996 0.670599 0.18491499999999994 0.056261000000000005
1 0.22019500000000003 0.861162 0.25060799999999994 0.10344799999999998
1 0.322384 0.920145 0.14841799999999994 0.08348500000000003
0 0.27615599999999996 0.033575 0.18248200000000003 0.049002000000000004
0 0.217762 0.307623 0.420925 0.107078
0 0.23236000000000007 0.38293999999999995 0.33819999999999995 0.03992699999999999
0 0.2128949999999999 0.598911 0.4063260000000001 0.11615200000000003
0 0.24574200000000007 0.526316 0.31143599999999994 0.058076000000000016
0 0.21046200000000004 0.674229 0.36253 0.05263200000000001
0 0.23965899999999996 0.744102 0.45498799999999995 0.10163299999999997
0 0.22992699999999994 0.862976 0.435523 0.11070800000000003
0 0.2725060000000001 0.92196 0.36983 0.07985500000000001
