4 0.6220049999999999 0.8765620000000001 0.11171900000000001 0.10798600000000003
4 0.669531 0.778038 0.08906300000000011 0.0730900000000001
2 0.628255 0.6319440000000001 0.09192700000000009 0.073264
4 0.626953 0.470399 0.09921899999999995 0.08906299999999989
4 0.651562 0.372656 0.08437500000000009 0.09600699999999995
2 0.5976560000000001 0.2788190000000001 0.08125000000000004 0.08333299999999999
4 0.6664059999999999 0.20216999999999996 0.11197900000000005 0.11163199999999995
0 0.34062499999999996 0.875694 0.6812499999999999 0.12222199999999994
0 0.357552 0.7789060000000001 0.7130210000000001 0.12309000000000003
0 0.4401040000000001 0.64566 0.48749999999999993 0.14965300000000004
0 0.44453099999999995 0.489583 0.46562500000000007 0.13298600000000005
0 0.44140599999999997 0.36458299999999993 0.485938 0.11284700000000003
0 0.428906 0.272135 0.404687 0.08177100000000004
0 0.35963525 0.16822899999999996 0.7192705 0.14965300000000004
1 0.370703 0.657986 0.3111980000000001 0.135764
1 0.37135399999999996 0.48072899999999996 0.3192710000000001 0.11250000000000004
1 0.37578100000000003 0.36519100000000004 0.33072900000000005 0.10572899999999996
1 0.329557 0.17352399999999996 0.42005199999999987 0.15468800000000005
