3 0.2978312890336917 0.5106523290134151 0.1264891314986874 0.11152199060597973
3 0.47933095178509194 0.5263523289783268 0.058808002503338286 0.060583520661777246
3 0.7170900358199515 0.46021151736559884 0.05061750358877504 0.05149432722580932
3 0.6543755434601887 0.4910619742244954 0.026573561176445493 0.03468765927788886
3 0.5410909636343193 0.6002302862592965 0.036738718949321236 0.04258967758397503
3 0.44079247409613487 0.5656048244543714 0.020594276387067623 0.021035173533353935
3 0.45944938430309484 0.5486311953532975 0.016881513937315407 0.020033406614432092
5 0.3643020524445971 0.5404753482447655 0.044164924590015586 0.04459339509745519
3 0.3971954396201362 0.5664237751443849 0.02457168041932567 0.027268261049093523
2 0.15469552269597553 0.6199147323483263 0.04118923351532511 0.042070530742344237
0 0.18099791168052287 0.7272383836307932 0.10964659056536039 0.2617630649519459
0 0.27026123539546776 0.7578757206149631 0.18826357020627582 0.4085237555045914
0 0.3381599572019265 0.6748837636062277 0.29505746660342047 0.549128547941817
0 0.5228590738434035 0.6827561724980244 0.16430070458699575 0.4175369643276604
0 0.7883754057248076 0.621065107214501 0.19813859333149042 0.4025896086888351
0 0.6452231690088721 0.6785938493829595 0.18491657585305676 0.36634450888605363
0 0.4630636959919998 0.6481467359541522 0.07704084595993871 0.19621082130463086
0 0.4229163275412633 0.6420654352570012 0.08944462343244308 0.2081568014020171
