5 0.5688500552132842 0.4604968288529107 0.0216275283281816 0.02335751032362987
5 0.5680471631766988 0.43872275885453627 0.02198149855783582 0.02557232522331493
4 0.4436559957266333 0.37131791201495745 0.0219814985578356 0.025572325223314873
3 0.36843387488217827 0.3586754375206551 0.020296393537305224 0.029893365715511322
2 0.35109712650860303 0.3295697055971537 0.016130512672941466 0.022202089522959934
0 0.5440411641878682 0.5201508111909291 0.07496848490095787 0.15239688350976177
0 0.5404889078432202 0.49262180773131653 0.08525001168896218 0.16424537801323924
0 0.4147246580895696 0.42563164381177676 0.0789576014932537 0.1537422356375429
0 0.34575265132950267 0.41641369967141606 0.07115542536861541 0.1539040685750941
0 0.33085346001168486 0.38813004764848325 0.07045020287761616 0.13899968182865913
