3 0.299615 0.72931 0.12524100000000005 0.12068999999999996
3 0.32659 0.33965500000000004 0.08670499999999992 0.07241399999999998
3 0.46917099999999995 0.37672399999999995 0.12909399999999993 0.11206899999999997
3 0.622351 0.615517 0.08477800000000002 0.11034499999999992
0 0.629094 0.8 0.6917149999999999 0.262069
0 0.6965319999999999 0.5560339999999999 0.321773 0.18793099999999996
0 0.688825 0.21379300000000007 0.560694 0.341379
0 0.501927 0.32758600000000004 0.4797690000000001 0.16206900000000002
1 0.500963 0.861207 0.2620420000000001 0.194828
1 0.536609 0.17586199999999996 0.1907509999999999 0.22758600000000007
