4 0.32545077498054786 0.7971285338007934 0.15468172253000045 0.09381498340229821
5 0.47108473249565375 0.7668668660714284 0.09834501553848735 0.07029118803033363
4 0.6691745722703313 0.735842759868673 0.11661396557234838 0.07653706913212865
5 0.8080876544573835 0.6519438486663398 0.16820832370599947 0.10183110599952971
1 0.7524983506086644 0.4408017738037517 0.288069201545493 0.3181272526027078
1 0.6336470252102789 0.6137426550774991 0.22006540136249075 0.17923711045489854
1 0.45233888402107314 0.6273440795874199 0.22011075948526382 0.17947031719451456
1 0.26396762234624127 0.6137579153220064 0.2651853962750629 0.28046476038377777
0 0.24214898965178805 0.564630334655215 0.31372187191746814 0.6469236582218204
0 0.4263405399743522 0.5608763078074541 0.26339662286309107 0.4897057290967529
0 0.6174862498757431 0.5447574049628323 0.26339662286309107 0.4897057290967529
0 0.7202516031209513 0.3776268903082311 0.43653728667368275 0.7552537806164622
