5 0.598754 0.424667 0.07295400000000007 0.068
3 0.533808 0.3146669999999999 0.014234999999999998 0.013332999999999984
5 0.5969749999999999 0.515333 0.012456000000000023 0.01200000000000001
3 0.594306 0.638 0.014234999999999998 0.01200000000000001
5 0.567616 0.670667 0.021352000000000038 0.01333300000000004
5 0.532028 0.838667 0.010676000000000019 0.01333300000000004
0 0.5106760000000001 0.839333 0.06049800000000005 0.030667
0 0.5560499999999999 0.728 0.04092499999999999 0.034667
0 0.532918 0.697333 0.09074699999999991 0.06933299999999998
0 0.5507120000000001 0.640667 0.10142299999999993 0.030667
0 0.55694 0.516667 0.09608499999999998 0.022666999999999993
0 0.502669 0.32466699999999993 0.07651200000000002 0.043999999999999984
0 0.34519599999999995 0.425333 0.580071 0.14400000000000002
