4 0.3506939999999999 0.860156 0.10416700000000001 0.07499999999999996
4 0.4937500000000001 0.615625 0.10416700000000001 0.07968700000000006
4 0.859028 0.223437 0.02361100000000005 0.015625
4 0.8451390000000001 0.14101600000000009 0.03749999999999998 0.025780999999999943
4 0.8493060000000001 0.11796899999999999 0.01805599999999996 0.012499999999999956
1 0.415972 0.794141 0.08472199999999996 0.10234399999999999
1 0.24930600000000003 0.578125 0.240278 0.12031299999999989
1 0.826389 0.22382800000000003 0.04166700000000001 0.019530999999999965
1 0.779861 0.14218799999999998 0.07638900000000004 0.03281299999999998
1 0.8138890000000001 0.11796899999999999 0.04166700000000001 0.015625
0 0.37708299999999995 0.8265629999999999 0.20138900000000004 0.14374999999999993
0 0.27847200000000005 0.6074219999999999 0.540278 0.18671899999999997
0 0.80625 0.2261720000000001 0.12083299999999997 0.04140599999999994
0 0.7465280000000001 0.14804700000000004 0.223611 0.042969000000000035
0 0.811806 0.11601600000000001 0.09305599999999992 0.027344000000000035
