4 0.6331434824660993 0.403013637164514 0.07373529237425813 0.0793575210613211
4 0.58568105664351 0.4820435097964888 0.08763227185647127 0.07545988140226245
4 0.5754491281451686 0.5617289894666053 0.0706912356653907 0.06996777564416534
4 0.5529579040084996 0.669604903873017 0.06443548713525793 0.06625935560300711
4 0.49727753588897877 0.7739839711491912 0.07451203832976627 0.06616532319815338
4 0.4708559983418558 0.8795481872435175 0.06725899316710449 0.06717470656268976
0 0.34444126825847277 0.2621193974426988 0.6888825365169455 0.3423691936636969
0 0.3183172054478554 0.3867537263379625 0.6366344108957108 0.3262219898063946
0 0.3076053957173391 0.4831984009284539 0.6043825780711288 0.26651113952844746
0 0.29513266269611627 0.5845246552016117 0.5902653253922325 0.2909214751117509
0 0.2674873361234969 0.6974008446049501 0.5349746722469938 0.3020467352352256
0 0.2543734186894095 0.7810309801365525 0.508746837378819 0.27172114807198333
1 0.29671288387520944 0.8199802249371642 0.24458214871009892 0.1465068801584848
1 0.3181803377579477 0.720072671309429 0.23716071968169838 0.16258502469978908
1 0.38031131189474277 0.6198598867425895 0.23998422571354522 0.16350037565947184
1 0.41835771542387423 0.5025013493223616 0.21435249512657423 0.14678897737304664
1 0.41710076230768744 0.4149411669017517 0.26965693526524165 0.18488256114916524
1 0.4513010443592348 0.30463601367718784 0.28438320189091454 0.19133703406937203
