4 0.6083597922224409 0.3317735975927627 0.05275739781944855 0.04545431401839567
4 0.7398626643369972 0.7715637407511853 0.054002190660979 0.050158069146694184
3 0.2455316835505138 0.07751080067867966 0.055502450926986496 0.04093197696018897
0 0.26870007572176574 0.22789837174479927 0.2497069162392246 0.11944423930721096
0 0.34346854779717717 0.27907387197115346 0.2713090716466064 0.13653405514394878
0 0.17736276830902142 0.4911267822002618 0.18869530414153077 0.13216654682717344
0 0.10778513972625187 0.7823155204859698 0.17923583447032865 0.09642162004706634
0 0.3319698277793366 0.984617476442938 0.2831153318655071 0.03076504711412409
0 0.6670543194982186 0.8134790776875858 0.22900709726213753 0.1305881235326697
0 0.7266659170101128 0.7302636257969554 0.25743634152229866 0.11886534840879603
0 0.511006236399749 0.34948422005787294 0.21704448648804148 0.11517485131722593
0 0.14843479839312992 0.11825635644130342 0.29686959678625985 0.14683350257305655
