5 0.16830674622664873 0.7628718904279077 0.08764949376844722 0.08342995822702537
5 0.16014559233720715 0.6573092913971073 0.05541682547032167 0.06992393236588657
5 0.1331857965872473 0.5767282902230925 0.08058471197885879 0.07082403735140974
5 0.1331594274835618 0.5033029856346065 0.059391178446057805 0.07006607123505526
1 0.3631006031528036 0.7862037431268474 0.22783876918843424 0.11932683089341134
1 0.3641485424654638 0.6827396400286034 0.27470222209488515 0.09806096681629428
1 0.2799816638295346 0.5514590225995006 0.20039847311775022 0.09187432198469125
0 0.48148019423516863 0.7767254938142842 0.6905953216782434 0.11205311996691336
0 0.45860571702289454 0.674617935234549 0.6374534946529447 0.1057405480449054
0 0.456784817439147 0.558666333355194 0.7184437529282477 0.11393095113346174
0 0.4356732914817342 0.49996806057174986 0.6663736454364185 0.10059822120052997
