2 0.751466 0.233887 0.12756599999999996 0.08496099999999998
4 0.762463 0.422852 0.08211100000000005 0.08007799999999998
4 0.61217 0.753906 0.12170100000000006 0.11523400000000006
4 0.889296 0.142578 0.16568899999999998 0.1875
1 0.43035199999999996 0.106445 0.558651 0.210938
1 0.456012 0.213867 0.4076250000000001 0.08593800000000001
1 0.4662760000000001 0.437988 0.35190599999999994 0.174805
1 0.28812299999999996 0.7597659999999999 0.403226 0.17968799999999996
0 0.335777 0.714844 0.671554 0.2851560000000001
0 0.403226 0.446289 0.794721 0.24023399999999995
0 0.41935500000000003 0.23681599999999997 0.824047 0.12792999999999996
0 0.491202 0.111816 0.9618770000000001 0.22168
