4 0.352162788660107 0.26577552838478785 0.030517950187917864 0.04803604678865625
3 0.39685535054879995 0.5848120262768219 0.034015742013610184 0.03545339008694326
4 0.49038806796828066 0.22615083209176895 0.028711724970080232 0.04298694042037701
3 0.5712897337982243 0.6045957199204333 0.030466991706013857 0.037955838464053704
4 0.7183326114637096 0.4062398456783936 0.030517950187917697 0.04803604678865625
1 0.34394478426648145 0.3060582519523929 0.04667367111910581 0.07331919838842205
1 0.48749399652897757 0.27024004338855817 0.04129241088549118 0.0657316307677229
1 0.7227016617828836 0.42264409219852217 0.04666092947293088 0.07079874559935584
1 0.4035770151415101 0.6642338830900922 0.05573108596787235 0.1036064412751796
1 0.537191177161574 0.6560887347742159 0.06991495648654045 0.09107780591213
0 0.3419856755001364 0.3413315817141862 0.10073787235564213 0.19959830426032826
0 0.4873474817778587 0.2992224455074107 0.06684953059818977 0.18934623640072237
0 0.7126646945766435 0.4704775690956855 0.08098243858355625 0.1667365912972391
0 0.4035833879902966 0.6629732559876436 0.10957950089225582 0.1870418608635137
0 0.5532131249878182 0.6574295884174306 0.09865135928174174 0.13910484644341048
