4 0.9040815763132966 0.94768319314116 0.191836847373407 0.10463361371767999
4 0.7787392737054244 0.7933340944354386 0.09504612312110916 0.09266578565053496
4 0.7733625104175041 0.5674055257711268 0.14428666635270726 0.09046697404380566
4 0.8047992924263487 0.3909847629907198 0.09035152021852821 0.0808587629785209
4 0.7837880272325746 0.2724621799086455 0.12871319041314833 0.10821822269228454
4 0.8712827508222054 0.09995135015875559 0.25743449835558907 0.19990270031751117
1 0.2750953302219584 0.08593051482464295 0.5501906604439168 0.1718610296492859
1 0.43332413409218085 0.25632629044566313 0.48633589642936337 0.1883791192944088
1 0.4759160539737288 0.565518459605954 0.3954137953567403 0.17926175917122023
1 0.4301077981378161 0.7819418920203665 0.4421349654595341 0.20934915962228473
1 0.3136196444307006 0.9071404736233685 0.6272392888614012 0.18571905275326306
0 0.5 0.9273147435034502 1.0 0.14537051299309955
0 0.5354582842752895 0.7824888451650374 0.6837548895943062 0.1888639059724454
0 0.5561892936067984 0.5718074343367321 0.7215437978505326 0.20461980062466922
0 0.5533306502275652 0.3785720548111837 0.6718450574402233 0.19753601082618943
0 0.5241889527849624 0.2573227842119253 0.8414384251726351 0.21748382833770952
0 0.5 0.10738101008339278 1.0 0.21476202016678556
