1 0.719167 0.651134 0.098333 0.20906800000000003
4 0.1925 0.487406 0.03499999999999992 0.037782999999999956
4 0.23916700000000002 0.458438 0.05833299999999997 0.040302000000000004
4 0.32916700000000004 0.510076 0.05833300000000008 0.04785900000000004
4 0.38166700000000003 0.493703 0.053332999999999964 0.07052900000000001
4 0.5016669999999999 0.489924 0.05999999999999994 0.057935000000000014
4 0.714167 0.44710300000000003 0.05500000000000005 0.05289700000000003
0 0.23666700000000002 0.720403 0.08666699999999994 0.559194
0 0.154167 0.700252 0.06166700000000003 0.49874100000000005
0 0.23916700000000002 0.722922 0.07833299999999999 0.5541560000000001
0 0.3275 0.743073 0.07833299999999999 0.513854
0 0.41416699999999995 0.735516 0.10833300000000001 0.528967
0 0.533333 0.729219 0.12666700000000009 0.526448
0 0.7149999999999999 0.709068 0.12666699999999997 0.5768260000000001
