2 0.9164351021632924 0.5460433149529891 0.08520398160468223 0.12495286180767828
5 0.7518964134777529 0.578703637952743 0.07484803070899626 0.12101807879798754
5 0.6535127816895352 0.860315332431927 0.05220147781882034 0.04678953947702047
5 0.5396028771229392 0.8042674529401026 0.06391304029992773 0.06588742822918359
2 0.4128183206603928 0.7898659457418207 0.0547613268203781 0.053034839161257286
5 0.07716340142463493 0.7583028212735735 0.08396349829812713 0.08874081194838057
2 0.9664682311667135 0.4541387662644641 0.06706353766657291 0.12621602366794027
1 0.8227332502084415 0.5254308235158349 0.06720693315269932 0.14740983210485392
1 0.6516442317639595 0.6767277659131405 0.07034592994484312 0.20485220940438575
1 0.5765183594972698 0.6302649071884334 0.07492294260219834 0.2112780071874617
1 0.4139749111904226 0.606549072232691 0.058788053468181445 0.2098342389511566
1 0.07990821832403713 0.5231583909979953 0.1319716739722755 0.26752684701923557
1 0.9874958760704737 0.5920179676334987 0.025008247859052424 0.5887792972952334
1 0.925553205943772 0.3889908766270025 0.148893588112456 0.463820819952474
0 0.8024451051520671 0.42273397166538323 0.17594541405762465 0.44595067583623005
0 0.6734184791907676 0.6037801512032089 0.13692479647852185 0.5688133417714429
0 0.5880917686434274 0.5350040847224365 0.14072402700765618 0.6112717930939555
0 0.4310402749553315 0.6203040435176089 0.10733891448808985 0.39468507560740945
0 0.09277872080525434 0.42477618288466423 0.1855574416105087 0.7329762305085492
