5 0.709722 0.469167 0.032777999999999974 0.026666999999999996
4 0.2705560000000001 0.472917 0.02777799999999997 0.030833
4 0.12972200000000006 0.461667 0.02722199999999997 0.028333000000000053
4 0.088333 0.51875 0.04222199999999998 0.03749999999999998
1 0.710278 0.394583 0.06388899999999997 0.10916700000000001
1 0.527222 0.596667 0.03888899999999995 0.046667000000000014
1 0.4072219999999999 0.38458299999999995 0.05444400000000005 0.094167
1 0.36555599999999994 0.400833 0.02444400000000002 0.06499999999999995
1 0.2477780000000001 0.39666700000000005 0.03777799999999998 0.08999999999999997
1 0.12499999999999994 0.3879169999999999 0.03444400000000003 0.07083300000000003
1 0.06722200000000006 0.3979169999999999 0.05999999999999994 0.12750000000000006
0 0.7055560000000001 0.32708300000000007 0.06444399999999995 0.310833
0 0.5380560000000001 0.60625 0.04500000000000004 0.10583300000000007
0 0.40972200000000003 0.31750000000000006 0.05277799999999999 0.30999999999999994
0 0.37027800000000005 0.33875 0.047221999999999986 0.24583299999999997
0 0.25555599999999995 0.35 0.06555600000000006 0.276667
0 0.12361100000000008 0.350417 0.047221999999999986 0.24416700000000002
0 0.07416700000000004 0.33666700000000005 0.07055599999999995 0.391667
