5 0.17275524291652117 0.49709984141076485 0.06188829621531336 0.0587640694622279
5 0.5778457428169952 0.8536438435504847 0.10984105342490047 0.09688129800469392
5 0.6873605688357585 0.8560456504683582 0.1344903508127574 0.1060218676690331
5 0.626476261996435 0.48245157493467383 0.11067302582876304 0.09203015317199115
5 0.5563649543049056 0.3848838110605305 0.09395299316914096 0.08461585305548819
3 0.3069164164642751 0.681924555682307 0.08429860897271524 0.07496560143413278
3 0.31094074855942533 0.7540385390668178 0.06841054871695573 0.0627001564849271
3 0.5852936230411219 0.6477764237711351 0.1143200792167538 0.0827596034054916
3 0.9544161690357862 0.4114700456464831 0.09116766192842751 0.1218177937720214
3 0.6794706311473739 0.21042076109124142 0.11578826610381243 0.09817605766955328
3 0.9505748326565621 0.1496046296311286 0.09885033468687587 0.12141241791903414
3 0.9700818439445407 0.7018080753446011 0.05411143987277178 0.10110336425373867
0 0.3360171021726187 0.5291852128405686 0.3924984681470862 0.1722570123548368
0 0.47589713995348076 0.787876084058518 0.39275645725916164 0.1647647701802234
0 0.5038916238168085 0.7165082073527953 0.47255980011094556 0.1670418312297136
0 0.7409443248105825 0.667138706338767 0.4574587779276603 0.21910920469272532
0 0.7951958922489446 0.8518571485026446 0.34235408223182684 0.23682423198120817
0 0.6345964414585468 0.8742985172514645 0.21777451993115549 0.13296002873502366
0 0.7337185661956439 0.666948855411339 0.4594418865079264 0.2195409445916312
0 0.7799932953341682 0.5242131019998933 0.44001340933166355 0.21954094459163126
0 0.7449272003037639 0.41729684630114017 0.5101455993924721 0.18976850952217816
0 0.8056437421061303 0.23963621322265133 0.38871251578773935 0.24285524689922258
0 0.9448850808242539 0.15497282917020708 0.11022983835149203 0.17257993910261976
