3 0.688802 0.586455 0.01822900000000005 0.025936999999999988
3 0.598958 0.723343 0.02604200000000012 0.017290999999999945
3 0.768229 0.678674 0.015625 0.020172999999999996
3 0.65625 0.782421 0.03125 0.025936999999999988
3 0.829427 0.419308 0.01822900000000005 0.014409000000000116
3 0.751302 0.32853000000000004 0.01822900000000005 0.017291000000000056
3 0.7109380000000001 0.325648 0.015625 0.017291000000000056
0 0.838542 0.433718 0.05729200000000012 0.07781000000000005
0 0.75 0.367435 0.0364580000000001 0.10662800000000006
0 0.7109380000000001 0.36167099999999996 0.03645799999999999 0.10086499999999998
0 0.778646 0.729107 0.0625 0.12103699999999995
0 0.653646 0.831412 0.06770799999999999 0.11815600000000004
