4 0.672932 0.451667 0.353383 0.37
3 0.368421 0.144167 0.11027600000000004 0.11499999999999999
3 0.324561 0.756667 0.06265699999999996 0.043332999999999955
3 0.322055 0.831667 0.05764400000000003 0.036667000000000005
3 0.303258 0.981667 0.040100000000000025 0.030000000000000027
4 0.31203 0.924167 0.037594000000000016 0.03833299999999995
3 0.3032580000000001 0.636667 0.030074999999999963 0.03333300000000006
3 0.28571399999999997 0.579167 0.05513800000000002 0.03833299999999995
3 0.2932329999999999 0.28416700000000006 0.05513800000000002 0.048333000000000015
3 0.283208 0.19916700000000004 0.04511299999999996 0.035
3 0.2944860000000001 0.231667 0.04761899999999997 0.036667000000000005
0 0.21679199999999998 0.121667 0.42857100000000004 0.206667
0 0.44235599999999997 0.421667 0.8847119999999999 0.43333299999999997
0 0.18170399999999992 0.714167 0.27318300000000006 0.04500000000000004
0 0.19047600000000003 0.5841670000000001 0.27067699999999995 0.04500000000000004
0 0.1979950000000001 0.639167 0.27067699999999995 0.04500000000000004
0 0.19924799999999993 0.6691670000000001 0.27318300000000006 0.04500000000000004
0 0.20802000000000004 0.764167 0.27067699999999995 0.04500000000000004
0 0.219298 0.826667 0.26817 0.06999999999999995
0 0.21804500000000004 0.974167 0.25563899999999995 0.04833299999999996
0 0.219298 0.931667 0.22305799999999998 0.050000000000000044
0 0.18295700000000004 0.209167 0.23558900000000005 0.08166700000000002
0 0.1979950000000001 0.29416699999999996 0.23558899999999994 0.08166699999999999
