0 0.376389 0.663281 0.5083330000000001 0.298438
0 0.375 0.3125 0.622222 0.35
0 0.641667 0.138281 0.37777799999999995 0.27343800000000007
0 0.652778 0.44453099999999995 0.405556 0.20468699999999995
0 0.648611 0.716406 0.313889 0.17656300000000003
0 0.802778 0.883594 0.2777780000000001 0.17656300000000003
0 0.801389 0.647656 0.26388900000000004 0.17656300000000003
0 0.8125 0.482031 0.2083330000000001 0.13593699999999997
0 0.8055559999999999 0.253125 0.266667 0.15312500000000004
0 0.9125000000000001 0.160156 0.16944400000000004 0.10156199999999999
0 0.906944 0.34296899999999997 0.18055600000000005 0.12343799999999999
0 0.901389 0.519531 0.19166700000000003 0.12031299999999995
0 0.8861110000000001 0.702344 0.22222200000000003 0.15781200000000006
