5 0.664179 0.123 0.05671599999999999 0.06600000000000006
5 0.619403 0.342 0.05671599999999999 0.039999999999999925
5 0.574627 0.40399999999999997 0.04477600000000004 0.03599999999999992
5 0.5940300000000001 0.7009999999999998 0.14328400000000008 0.08599999999999997
5 0.577612 0.917 0.03283600000000009 0.030000000000000027
0 0.502985 0.94 0.20000000000000007 0.08399999999999996
0 0.34626900000000005 0.82 0.6686569999999998 0.28800000000000003
0 0.4522389999999999 0.32 0.42089600000000005 0.09999999999999998
0 0.47014900000000004 0.3950000000000001 0.25970099999999996 0.07799999999999996
0 0.44477599999999995 0.10199999999999998 0.507463 0.08400000000000007
