4 0.3057735435471975 0.21645310333797046 0.07006503866510039 0.06739997051522714
4 0.3715634337653546 0.2511554398413889 0.07460142926205487 0.07707111620994381
4 0.46891704319267324 0.2915956035339604 0.07460142926205493 0.07707111620994378
4 0.5363770746579306 0.3137174333249495 0.06978489721280567 0.07180726404036236
4 0.6148537788023216 0.3447880493759149 0.03381377130273011 0.044088423108832986
4 0.6728231667198619 0.29385621032221637 0.09828550178688444 0.09875053189920954
4 0.765804866585442 0.27845090784974935 0.10343061235763529 0.10322723309475118
4 0.7828789888183683 0.3781429380807203 0.06515946703648923 0.08102076438120082
4 0.8430686648631547 0.39261098392289306 0.058436014377676204 0.05978654408963752
4 0.8749518420394145 0.44936477902543714 0.08519775450009115 0.08342789788094712
1 0.25081328776381373 0.38796535762834794 0.12727559079499662 0.21413453216835676
1 0.32817587397716586 0.4112152567833712 0.13267866915782828 0.2123953421475412
1 0.41173674353498746 0.462913017310161 0.12031926093352474 0.20092657513345252
1 0.4831347956613471 0.46809119337083815 0.12031926093352485 0.2009265751334524
1 0.5546945429708798 0.4904833610618432 0.09489632395703185 0.17594524537664902
1 0.6017507942393417 0.5021372255238793 0.13569064365583738 0.23505169679593402
1 0.679259921143857 0.5603278761725394 0.21743950465229667 0.3398081225512023
1 0.8202580468006408 0.644419026995277 0.17081263859515872 0.2498671864003693
1 0.7972554326375954 0.5232348885289024 0.0926553359060569 0.13463944273010459
0 0.21780075538032828 0.47152652143698737 0.263676528212313 0.580036970659161
0 0.3043732986714053 0.49680923994878634 0.27105104746471337 0.5735725593944063
0 0.3873118805235246 0.5425732955859031 0.2559434222191442 0.5593550040689879
0 0.45888648156031386 0.5472395754684173 0.25070261032955005 0.5476391905908271
0 0.5246073478091541 0.5721943968364619 0.21289721941372147 0.509380195363959
0 0.5576289366422451 0.6246377190121509 0.3299412823038006 0.750724561975698
0 0.6512767824022343 0.6086305949912889 0.39460426504326435 0.7827388100174223
0 0.7891245848576214 0.7028919681789202 0.3201405001709131 0.5942160636421596
0 0.807537161026568 0.504474502517546 0.14378173486026746 0.28287829713139995
