4 0.7784189897876492 0.83700860987406 0.14167464950672692 0.14618334892540763
2 0.6779961993627063 0.7031770989119065 0.1566509472329385 0.1598771620856827
2 0.8827218093341894 0.971496421020215 0.11988098458659313 0.05700715795956979
4 0.7898370214654888 0.19220708335704828 0.10078945259112648 0.10047921059195061
4 0.7859243618965905 0.23316331661474607 0.09945697205233772 0.055200309250187984
3 0.8576781118200822 0.11605005086232655 0.16141430346270258 0.15899501974650113
3 0.8145340384569375 0.3948547424663171 0.1058401655687149 0.1266656315425937
3 0.7400092885437062 0.6365662164214414 0.10919763279482975 0.10570269251214237
0 0.5537062520668756 0.10742632981127191 0.7949805006400004 0.21485265962254382
0 0.48648065322548995 0.16667784486920761 0.7016565372033057 0.2739996414633703
0 0.487321846762388 0.34144380969915455 0.7915858615667954 0.3309640550093147
0 0.39214055010839305 0.6558027790544333 0.7107490759852885 0.29556300279616887
0 0.42833219308862097 0.5783914542093203 0.7544188970899947 0.26616743628473805
0 0.4271007897378156 0.7983486375344002 0.824608567497509 0.31032017900958897
0 0.4760424844440119 0.8891779092014312 0.9361266912977467 0.2216441815971375
