3 0.15384599999999998 0.731695 0.05384599999999995 0.057531
4 0.448462 0.804916 0.038461999999999996 0.055438999999999905
4 0.599615 0.724372 0.05615400000000004 0.0428869999999999
3 0.801923 0.726987 0.048462000000000005 0.02928900000000001
2 0.745385 0.7327409999999999 0.05076899999999995 0.03870300000000004
4 0.849615 0.745293 0.05615400000000004 0.0428869999999999
1 0.151154 0.637552 0.07923100000000005 0.12238499999999997
1 0.391538 0.7112970000000001 0.09076899999999999 0.11715500000000001
1 0.5876919999999999 0.551255 0.09230799999999995 0.18828500000000004
1 0.726923 0.627092 0.06615400000000005 0.10355599999999998
1 0.829615 0.556485 0.08692299999999997 0.17154800000000003
1 0.892308 0.6019869999999999 0.06615400000000005 0.15585800000000005
0 0.131923 0.560669 0.10538500000000006 0.3974900000000001
0 0.402308 0.633891 0.1015379999999999 0.40795000000000003
0 0.5773079999999999 0.46338900000000005 0.10230799999999995 0.5543930000000001
0 0.736154 0.47698700000000005 0.084615 0.5523009999999999
0 0.802308 0.442469 0.11230799999999996 0.5543930000000001
0 0.8807689999999999 0.505753 0.09076899999999999 0.513598
