4 0.3437129914944793 0.9111368162782073 0.09249576607273097 0.07749702181188911
4 0.31350465312035514 0.8743263330037662 0.06821351574831863 0.0676297203172116
4 0.3204803000484606 0.7901995105780468 0.07786318057755431 0.07134679732941995
4 0.31042272024532724 0.7490812917374395 0.05338397093927327 0.05292746423800798
4 0.30651474714895866 0.7075073788977109 0.07829949364332145 0.0650934545305143
4 0.2500006813729096 0.7119298602164913 0.04310195310474427 0.04691195136917292
4 0.6146491922329401 0.6140790094479802 0.10076150770260206 0.08402004077926606
4 0.5509284973017473 0.5512566982530384 0.08189757173555545 0.07033229101474125
4 0.26035533048602283 0.6355268338446801 0.09305221570161881 0.06384111828576478
4 0.2717795650445392 0.5538847180474398 0.057734538599920865 0.05306217585164208
4 0.23527308530866037 0.5762905513783292 0.03994018807827751 0.03541977208604041
4 0.2552783186253518 0.4984686309097338 0.06505175072185196 0.056137541034078975
4 0.20761392282558822 0.43926419468178324 0.0583668916052143 0.05536061170826867
4 0.13955941470293548 0.4017402216171299 0.05211926492868643 0.0483305925247548
4 0.15851181704341183 0.3520225812339911 0.059315421113154354 0.05880826549320861
4 0.24040938877896725 0.3851199037674429 0.06271837864020474 0.055495576263105195
4 0.5699339097533476 0.20977999529320318 0.13576300830165322 0.09364976528507529
2 0.13342001826971595 0.23345106719727438 0.08802506184896272 0.08476487092547402
2 0.49976797215454616 0.3607401487317078 0.0798803761565548 0.07083954417208049
2 0.5146219862804278 0.45122317933156697 0.09016239399108394 0.07685505704091566
5 0.18794698260490084 0.5046309887107853 0.05275161793397981 0.05062902838138128
5 0.24216890008532696 0.6059165909358042 0.045991774815278996 0.03389801261402192
1 0.5895139369444538 0.8466017895583255 0.29933044164354716 0.18645132916630391
1 0.5542381403059922 0.7320683349193042 0.26235597865221033 0.15397195770786398
1 0.8478876151754442 0.5814329485737826 0.26879964526826416 0.16955375554691032
1 0.4893737953016756 0.6559624088007407 0.19769630780941072 0.1149379739848495
1 0.4442609281164429 0.5923473716313896 0.18994370199605526 0.11811620454252048
1 0.7491505039246973 0.5053746653422182 0.22648185192162484 0.15684891879986618
1 0.6974777623353233 0.3038731896950947 0.2461425106438 0.14207564358382846
1 0.7168183157798187 0.40610202615675606 0.2317050457138068 0.14447694481568912
1 0.4478345368918405 0.514101350460871 0.21889361585810446 0.12926768852034826
1 0.4240991825999825 0.4415143502052834 0.20319236429186727 0.127072370980158
1 0.40618142341739694 0.3444569944210317 0.1812425666747592 0.11784678131525173
1 0.3647267026059585 0.2804536190593764 0.21624406727381057 0.12747650582106113
1 0.3357744360204302 0.18890452298662014 0.2328938483479878 0.13311947714619088
0 0.6479039314406517 0.8202607622049749 0.7041921371186965 0.2819643182385524
0 0.63341654157936 0.7096664178596338 0.6969325067082801 0.25972504275969754
0 0.7688894187467572 0.5908051302297032 0.44420014751691494 0.2348061883282231
0 0.4320241357079523 0.6847207869757532 0.3358820739404833 0.16251615676216036
0 0.38145408310280843 0.6195166345275666 0.319111236928843 0.16427549322304724
0 0.33866044895064457 0.8562795414560591 0.15095204342571777 0.08614408624141967
0 0.34473179955752475 0.741496376509587 0.14280735773330971 0.07221875948802647
0 0.28231140960164247 0.596726763780517 0.12880712524342636 0.06836697086218368
0 0.4006309234746804 0.5295605700048649 0.31116259117596134 0.15890194512518613
0 0.35769425949411415 0.4647287061591812 0.26045891963633017 0.14707665013798443
0 0.2738006893985729 0.41981847489831214 0.19477573528352754 0.08864092618848113
0 0.339362303839119 0.36160427834787623 0.2408434134752122 0.1384932781852543
0 0.16119211644305392 0.3982609745349921 0.13058404769618584 0.08266483915928219
0 0.24961318694610227 0.3319033033823482 0.2548878791518105 0.11898816670112711
0 0.5078036509317214 0.21203900531019357 0.6893750214601083 0.27145479903169895
0 0.4404848779082944 0.14526178717297258 0.7290432662224535 0.28236845307945563
0 0.6878502140994451 0.29168748648277015 0.42620883768140255 0.20861175296588685
0 0.6967886131462911 0.40172301851255365 0.4419110086219824 0.2108073234472791
0 0.7303475556135536 0.49633143017794573 0.4310716217842232 0.21844746116336677
