4 0.12245662537042551 0.24624515142773618 0.15418756737529749 0.1493786650387842
4 0.4629635150477597 0.34896382459597464 0.12646435666628048 0.14873456176382288
4 0.607370372463155 0.39965755878156595 0.11832655450355489 0.13614606770357968
4 0.7079006007130717 0.36252135727300805 0.09732326680023784 0.09948199434418353
4 0.9816546046126936 0.4232620280784941 0.03669079077461279 0.1405508720466197
0 0.1298901934217957 0.5588337781629359 0.2597803868435914 0.7759540275471424
0 0.35862108918506774 0.6338112592880216 0.3533500776843499 0.7323774814239566
0 0.5029989094279659 0.6621301265174802 0.3599994199702269 0.6757397469650397
0 0.6193482469255035 0.6593629864068313 0.37429459726344144 0.6812740271863373
0 0.8218899371483518 0.6657003864600417 0.3562201257032964 0.6685992270799167
