4 0.5697567737579687 0.31923689185952364 0.08165642087921243 0.07787677042584179
4 0.511547953306014 0.37861492134122365 0.03668841871380235 0.039628723713929004
4 0.3742537327844646 0.43549186480457935 0.08702726323976978 0.0901954317821862
4 0.4130005829991982 0.4283594071821257 0.024644624150689076 0.032746759470834275
0 0.6487371194660585 0.5587454732909936 0.2701184112721372 0.5634883954470369
0 0.546220163479067 0.49799503262114986 0.13772958132805807 0.3038346043507183
0 0.4713180731388997 0.6688472123061722 0.32011175933494773 0.5958537583825426
1 0.6171138413032529 0.4582531486602035 0.17131913639127816 0.20789959953980425
1 0.5356218587273943 0.46101829964249164 0.08758787673940205 0.11859635519178835
1 0.44880796034587506 0.5889561482088796 0.22592679104785762 0.2610702717056413
