4 0.06927099999999997 0.620397 0.04270799999999997 0.084986
4 0.12343799999999999 0.5665720000000001 0.04062500000000002 0.06798899999999997
4 0.172396 0.65864 0.0364580000000001 0.05949000000000004
4 0.219792 0.543909 0.03750000000000009 0.07365399999999989
2 0.24270799999999998 0.688385 0.039583000000000035 0.050991999999999926
2 0.283333 0.61898 0.033332999999999946 0.05949000000000004
2 0.347917 0.725212 0.03749999999999998 0.06232300000000002
2 0.32552099999999995 0.5708219999999999 0.03229199999999999 0.05382399999999998
2 0.381771 0.6331439999999999 0.023958000000000035 0.05382399999999998
2 0.42916699999999997 0.6982999999999999 0.029166999999999943 0.05382399999999998
2 0.43541700000000005 0.558074 0.03333300000000006 0.05665699999999996
2 0.473958 0.657224 0.029166999999999943 0.06232300000000002
2 0.5255209999999999 0.553824 0.03645799999999999 0.06515599999999999
2 0.560937 0.645892 0.034375000000000044 0.06798900000000008
2 0.585938 0.70255 0.028124999999999956 0.04532599999999998
4 0.6354170000000001 0.603399 0.04166700000000001 0.07365399999999989
1 0.048958 0.347025 0.03541699999999992 0.263456
1 0.11666699999999997 0.2747880000000001 0.06041699999999994 0.328612
1 0.220312 0.27478800000000003 0.06562499999999993 0.2832859999999999
1 0.32708299999999996 0.29745 0.06458299999999995 0.27762
1 0.432292 0.28753500000000004 0.06458300000000006 0.269122
1 0.526042 0.28753499999999993 0.06666700000000003 0.29178500000000007
1 0.6328120000000002 0.34702500000000003 0.07187500000000002 0.286119
1 0.372917 0.47450400000000004 0.03541699999999992 0.08215299999999992
1 0.27916699999999994 0.36827200000000004 0.04583300000000001 0.27195499999999995
0 0.05625000000000002 0.43342800000000004 0.0625 0.4702550000000001
0 0.12343799999999994 0.35694099999999995 0.06354199999999999 0.487252
0 0.174479 0.5609069999999999 0.055208000000000035 0.27762
0 0.219271 0.28045325 0.0572919999999999 0.5609065
0 0.24114600000000003 0.6388100000000001 0.04062500000000002 0.14447599999999994
0 0.278646 0.5566570000000001 0.038541999999999965 0.18980200000000003
0 0.33125000000000004 0.29036799999999996 0.0625 0.563739
0 0.346354 0.655807 0.04270800000000008 0.19546699999999995
0 0.382292 0.528329 0.033332999999999946 0.269122
0 0.440104 0.28470300000000004 0.06770799999999999 0.563739
0 0.429688 0.67847 0.04062500000000002 0.1274789999999999
0 0.475521 0.583569 0.03645799999999999 0.23796000000000006
0 0.5291670000000002 0.28753525 0.06874999999999998 0.5750705
0 0.5604170000000002 0.6005670000000001 0.039583000000000035 0.17563699999999993
0 0.588542 0.628895 0.04583300000000001 0.20396599999999998
0 0.638021 0.305949 0.08020799999999995 0.611898
