4 0.737903 0.24516899999999997 0.028225999999999973 0.05072499999999991
4 0.637601 0.5169080000000001 0.027217999999999964 0.03864699999999999
1 0.623488 0.403382 0.04133100000000001 0.1352659999999999
1 0.738407 0.36231899999999995 0.04536300000000004 0.14492799999999995
1 0.641129 0.655797 0.05443500000000001 0.15217400000000003
1 0.858871 0.560386 0.05645199999999995 0.22222199999999992
1 0.891633 0.421498 0.035282000000000036 0.04589399999999999
0 0.625 0.369565 0.05443500000000001 0.24637699999999996
0 0.646169 0.7173910000000001 0.06854799999999994 0.429952
0 0.739919 0.41787399999999997 0.07056499999999999 0.415459
0 0.8462700000000001 0.666667 0.06955600000000006 0.6280189999999999
