4 0.869739 0.19254700000000002 0.07214399999999999 0.093168
4 0.554108 0.234472 0.07414799999999999 0.07764000000000001
4 0.372745 0.204969 0.08817600000000003 0.08074499999999998
2 0.304609 0.279503 0.07214399999999999 0.06832300000000002
2 0.074148 0.293478 0.076152 0.07763999999999999
3 0.772545 0.225155 0.07013999999999998 0.059006
3 0.960922 0.3478260000000001 0.038076 0.031056000000000028
0 0.9649299999999998 0.546584 0.058115999999999945 0.4347829999999999
0 0.892786 0.559006 0.142285 0.8447199999999999
3 0.747495 0.318323 0.02805599999999997 0.046584000000000014
4 0.146293 0.47205 0.020040000000000002 0.024845000000000006
0 0.7795590000000001 0.582298 0.116232 0.7670810000000001
0 0.56513 0.582298 0.14829700000000007 0.822981
0 0.359719 0.572981 0.10621199999999997 0.835404
0 0.284569 0.614907 0.10420799999999997 0.7267080000000001
0 0.142285 0.543478 0.03607199999999999 0.18633499999999997
0 0.069138 0.621118 0.11823600000000001 0.745342
