3 0.551102 0.228228 0.06011999999999995 0.05405400000000002
4 0.688377 0.22672699999999998 0.07414799999999999 0.05705699999999997
4 0.8687369999999999 0.219219 0.06613199999999997 0.06006
4 0.92485 0.249249 0.05010000000000003 0.06006
5 0.197395 0.286787 0.022044000000000008 0.015015
5 0.344689 0.3003 0.01603199999999999 0.012012000000000023
5 0.436874 0.303303 0.01603199999999999 0.01801799999999998
5 0.171343 0.22222200000000003 0.022044000000000008 0.018018000000000006
0 0.536072 0.486486 0.10220399999999996 0.5765769999999999
0 0.6903810000000001 0.528529 0.08216400000000001 0.6666669999999999
0 0.866733 0.558559 0.09819600000000006 0.750751
0 0.935872 0.438438 0.076152 0.45045
0 0.337675 0.343844 0.030059999999999976 0.105105
