3 0.24480400000000002 0.151538 0.027714000000000016 0.023077000000000014
3 0.215935 0.208462 0.03002299999999991 0.029231000000000007
3 0.289838 0.32923099999999994 0.020784999999999942 0.03076899999999999
3 0.40531200000000006 0.6192309999999999 0.04849899999999996 0.04769199999999996
3 0.203233 0.853077 0.04157000000000011 0.035385
3 0.21131599999999995 0.904615 0.03926099999999999 0.024615000000000054
0 0.271363 0.11307699999999998 0.17321000000000009 0.03230799999999999
0 0.3903 0.157692 0.30485000000000007 0.047691999999999984
0 0.272517 0.188462 0.14780599999999988 0.035385
0 0.389145 0.31384600000000007 0.23787499999999995 0.08000000000000002
0 0.635104 0.608462 0.461894 0.07846200000000003
0 0.363741 0.8530769999999999 0.362587 0.05076899999999995
0 0.24826799999999993 0.909231 0.10392599999999996 0.040000000000000036
