4 0.742788 0.402655 0.13621799999999995 0.11946899999999999
4 0.5152239999999999 0.431416 0.11378199999999994 0.07522099999999998
4 0.395833 0.553097 0.09935899999999998 0.079646
4 0.252404 0.434735 0.11698700000000006 0.09955799999999998
1 0.767628 0.745575 0.21474400000000005 0.402655
1 0.544872 0.696903 0.18910300000000002 0.3141590000000001
1 0.39984000000000003 0.821903 0.15865399999999996 0.316372
1 0.238782 0.6913719999999999 0.17307700000000004 0.30752199999999996
0 0.769231 0.665929 0.23397400000000002 0.6548669999999999
0 0.552083 0.685841 0.19070500000000012 0.5929200000000001
0 0.395032 0.75 0.1618590000000001 0.47345099999999996
0 0.21314099999999997 0.679204 0.1891029999999999 0.5884959999999999
