4 0.667488 0.800774 0.10837399999999997 0.05609299999999995
4 0.307882 0.724371 0.12068999999999996 0.07350100000000004
4 0.822044 0.6900390000000001 0.045567000000000024 0.02224400000000004
4 0.47044299999999994 0.703095 0.049261 0.02127699999999999
4 0.3842360000000001 0.663443 0.07142900000000008 0.03481600000000007
4 0.22968 0.697776 0.052956 0.03191500000000003
4 0.150862 0.704062 0.045567000000000024 0.02321099999999998
1 0.6754929999999999 0.5918760000000001 0.21305399999999997 0.24758200000000008
1 0.82266 0.623308 0.054186999999999985 0.07640199999999997
1 0.47906399999999993 0.63588 0.08867000000000003 0.08027099999999998
1 0.40455699999999994 0.559478 0.09729100000000002 0.12669200000000003
1 0.266626 0.490329 0.22536900000000004 0.27852999999999994
1 0.153941 0.6470020000000001 0.09359600000000001 0.05222399999999994
1 0.03325100000000003 0.520309 0.06403899999999996 0.218569
0 0.822044 0.5754349999999999 0.07512300000000005 0.25725300000000006
0 0.679187 0.43568700000000005 0.252463 0.7978720000000001
0 0.487685 0.584139 0.11576400000000009 0.2669250000000001
0 0.14963099999999996 0.666828 0.10714299999999999 0.09961300000000006
0 0.410099 0.5 0.11576399999999998 0.357834
0 0.048644999999999994 0.395551 0.09482800000000002 0.6402320000000001
0 0.271552 0.382012 0.22783299999999995 0.756286
