4 0.3002174892413692 0.40782322625971684 0.016747205965131684 0.016256831068640065
4 0.31440555066085807 0.32536471579045784 0.059083529207939744 0.061782265589510055
5 0.5785327805541495 0.5116516109543936 0.04323872337931367 0.04863667455698717
5 0.613480657729837 0.5901005672634313 0.035507430597113476 0.030723285265487732
5 0.21959292601190927 0.6584866295315054 0.049221356246911624 0.05179714009345893
5 0.17100305865045912 0.7742477582906809 0.043746879247769516 0.04166147029771383
1 0.4272652954264869 0.340693973262739 0.15716390823435666 0.09214880842116119
1 0.3279154716955095 0.41698641599472 0.030183400749813127 0.02110596339758619
1 0.6534981612614739 0.5736059079055669 0.11859935982882053 0.08143037791835328
1 0.5941616083760181 0.6463331754528068 0.07207713068387123 0.0869204199897734
1 0.3038566618679305 0.6961549912337842 0.11766841109857745 0.08258483813816597
1 0.2517695799345551 0.7968463347839958 0.10597221521627817 0.07064273718582104
0 0.4833933076151893 0.3732882967597506 0.4063883530215738 0.1939235020150049
0 0.3334460890530602 0.41859164210767186 0.09721970395652824 0.05575695161092681
0 0.6727403487184984 0.5654174604086974 0.2550183777180931 0.15663673470400674
0 0.6081406174447994 0.6433634877480423 0.10408081311768624 0.147015646981829
0 0.33739106272394265 0.6929574226929184 0.3246795836701464 0.14361786262036946
0 0.2616292017052697 0.7977406113023874 0.22512173797001742 0.10380107491985147
