2 0.722656 0.938021 0.08437499999999998 0.12187499999999996
2 0.673047 0.4927080000000001 0.08359400000000006 0.10416700000000001
2 0.5109379999999999 0.4932290000000001 0.08750000000000002 0.08645800000000003
2 0.528125 0.694271 0.0625 0.08020800000000006
2 0.389844 0.6635420000000001 0.07968699999999995 0.10208299999999992
2 0.19960899999999998 0.535938 0.12578100000000003 0.13229200000000008
0 0.15781200000000006 0.40937500000000004 0.21875 0.3666670000000001
0 0.363281 0.5625 0.18125000000000002 0.297917
0 0.543359 0.642708 0.11640600000000001 0.18958300000000006
0 0.697266 0.777604 0.18203100000000005 0.442708
0 0.545703 0.27760399999999996 0.17734400000000006 0.519792
0 0.68125 0.431771 0.140625 0.26145799999999997
