3 0.609637588368938 0.6197179911182392 0.05188989731586979 0.04936640966575001
4 0.5728271372913969 0.5190194252663548 0.0532089490054225 0.053725987368811456
4 0.5817701480743959 0.430652994241737 0.05241512843930107 0.05546558385896527
4 0.49556186128441904 0.35798873978363477 0.059019685416734025 0.05548410758203842
4 0.4949680009540205 0.25644576784100104 0.05195247233331329 0.05829665362345418
0 0.7133803954846498 0.17905974868927277 0.5049992195899061 0.23398955419504075
0 0.7149634676606074 0.2838721496767728 0.5137778992243166 0.24555697847258537
0 0.7685830943009493 0.3693714285360503 0.4421385382961528 0.20506758314117834
0 0.768263091663098 0.46948135880308495 0.46347381667380394 0.25177899800731174
0 0.7857456138765254 0.5676917479078847 0.42850877224694917 0.2580545548518206
1 0.6396194791439853 0.20256599003886958 0.2021659925679432 0.14038239049452067
1 0.625022276401267 0.31941363940669 0.1784580492708504 0.13617934710353974
1 0.7063464636080483 0.38641707895195454 0.1726559960163654 0.11263982823864238
1 0.7254618625120668 0.5858625605686931 0.1659804885510846 0.12547347613925386
