5 0.803828 0.78 0.033492999999999995 0.030000000000000027
3 0.614833 0.67 0.028707999999999956 0.030000000000000027
3 0.1602869999999999 0.745 0.043062000000000045 0.030000000000000027
5 0.2200959999999999 0.648333 0.043062000000000045 0.033332999999999946
4 0.6303829999999999 0.8841670000000001 0.035885000000000056 0.028333000000000053
0 0.735646 0.785833 0.1842109999999999 0.06833299999999998
0 0.574163 0.655833 0.11483299999999996 0.07833299999999999
0 0.17344499999999996 0.5966670000000001 0.12200999999999995 0.13333300000000003
0 0.14354099999999997 0.739167 0.09090900000000002 0.07833299999999999
0 0.25837299999999996 0.871667 0.16267900000000002 0.06333299999999997
