4 0.094568 0.266163 0.006544999999999995 0.011992000000000003
0 0.09800400000000001 0.282065 0.014725000000000002 0.04483799999999999
4 0.033213 0.7661629999999999 0.016034000000000003 0.020333999999999963
0 0.033377 0.8394159999999999 0.03468600000000001 0.16371199999999997
0 0.28010499999999994 0.6895199999999999 0.01832499999999998 0.08602699999999996
4 0.34784000000000004 0.6332119999999999 0.008508000000000016 0.008862999999999954
0 0.346695 0.670229 0.01930599999999999 0.08602699999999996
4 0.43030100000000004 0.765641 0.00981700000000002 0.01616300000000004
0 0.424902 0.8164749999999998 0.026505 0.11991699999999994
4 0.483802 0.709333 0.008180999999999994 0.017205000000000026
4 0.487402 0.735141 0.008834999999999982 0.015641000000000016
4 0.584588 0.708029 0.008180999999999994 0.012512999999999996
4 0.540085 0.656152 0.005562999999999985 0.011992000000000003
4 0.502945 0.655631 0.004580999999999946 0.00990599999999997
4 0.578043 0.606361 0.006871999999999989 0.009384999999999977
0 0.49231 0.76877 0.026505 0.08289899999999994
0 0.499018 0.6876959999999999 0.018978999999999968 0.07299299999999997
0 0.539431 0.691084 0.02127000000000001 0.08185600000000004
0 0.585733 0.7533889999999999 0.023560000000000025 0.10114699999999999
0 0.5808249999999999 0.635036 0.01636099999999996 0.065693
4 0.502127 0.378259 0.006871999999999989 0.014077000000000006
4 0.473495 0.364442 0.011126000000000025 0.010427999999999993
0 0.47464 0.3753909999999999 0.014724999999999988 0.03023999999999999
0 0.497546 0.390511 0.018652000000000002 0.03753899999999999
4 0.750327 0.35896800000000006 0.0071989999999999554 0.00886300000000001
4 0.778959 0.366788 0.007526000000000033 0.010948999999999987
0 0.750491 0.39025 0.02061500000000005 0.070386
0 0.780759 0.385819 0.015707000000000026 0.04796699999999998
0 0.624673 0.6264339999999999 0.015051999999999954 0.06412899999999999
4 0.939463 0.68561 0.0071989999999999554 0.009384999999999977
1 0.34538599999999997 0.662409 0.01930599999999999 0.03805999999999998
1 0.032559 0.809698 0.027813999999999995 0.058393999999999946
1 0.539758 0.682221 0.017342999999999997 0.040146000000000015
