4 0.21776815104579778 0.29398820979094914 0.16424919050079279 0.17792635079396346
4 0.27662031994950864 0.2663414889415341 0.08781101103546304 0.09348313991965934
4 0.12868830680674764 0.26272870963589856 0.08943635830493726 0.10014613626547084
2 0.8413389131795528 0.38574263701682854 0.12748301098271786 0.1194531899719582
5 0.7773530364206596 0.5017902669340704 0.03391397053649836 0.0433641687306382
5 0.6659096449606473 0.4188372663366158 0.03255376594548309 0.029246699069462145
1 0.7887498409652562 0.707172395889146 0.2520030642770884 0.42492058656886844
1 0.7042624241033378 0.535846418744798 0.0956124185305185 0.12546445899404896
1 0.6518719910661541 0.4860058708614938 0.05749020140691352 0.0904731015770171
1 0.41886110548673205 0.39528073166794614 0.05938069135484669 0.0896816246074641
1 0.12344917836390638 0.5525203838808664 0.24689835672781277 0.4021620792832683
0 0.6454008031578611 0.5077229318064908 0.09351190318705205 0.22960011709656586
0 0.791174404966229 0.6606127530396739 0.3418896076934338 0.6787744939206523
0 0.6919546792233626 0.5843767029312348 0.19295496224090558 0.2682711323788737
0 0.3980380194134162 0.44985235444743715 0.1321393591884905 0.29228688661459856
0 0.16779522673008207 0.5384848880782179 0.33559045346016414 0.7132116454741125
