3 0.594062 0.14958300000000002 0.01187500000000008 0.01416700000000004
3 0.575 0.151667 0.016249999999999987 0.01333300000000004
0 0.594687 0.11041699999999993 0.02312499999999995 0.08750000000000002
0 0.5700000000000001 0.11541699999999994 0.026249999999999996 0.09083300000000005
3 0.356563 0.14416700000000005 0.02312499999999995 0.023333000000000048
3 0.265938 0.09166700000000005 0.016874999999999973 0.020000000000000018
3 0.20187500000000003 0.132083 0.020000000000000018 0.01749999999999996
3 0.16406200000000004 0.11416700000000002 0.02562500000000001 0.026666999999999996
1 0.20281200000000005 0.07833299999999999 0.03187499999999999 0.06000000000000005
1 0.01718799999999998 0.07041700000000001 0.034375000000000044 0.057499999999999996
0 0.3606249999999999 0.07833299999999999 0.03500000000000003 0.141667
0 0.2881249999999999 0.052916999999999936 0.0675 0.09750000000000003
0 0.20750000000000002 0.07916699999999999 0.043749999999999956 0.135
0 0.156563 0.060417000000000054 0.05687500000000001 0.12083299999999997
0 0.01968724999999999 0.07625000000000004 0.03937449999999998 0.10250000000000004
