5 0.29423099999999996 0.79864 0.15000000000000002 0.149582
5 0.5226919999999999 0.740063 0.15615400000000002 0.12238499999999997
1 0.26653800000000005 0.35878699999999997 0.273077 0.4853559999999999
1 0.510385 0.398536 0.22692299999999999 0.36401700000000003
0 0.255769 0.483264 0.32538500000000004 0.767782
0 0.523077 0.518305 0.24769200000000002 0.595188
5 0.73 0.674686 0.024614999999999942 0.027196999999999916
5 0.908077 0.687238 0.03615400000000002 0.03765699999999994
0 0.735769 0.594665 0.048462000000000005 0.19560699999999998
0 0.898462 0.5355650000000001 0.07692300000000007 0.355649
1 0.7334620000000001 0.618201 0.05153799999999997 0.0753140000000001
1 0.8915379999999999 0.580544 0.055384999999999907 0.12133899999999997
