5 0.16766718043693202 0.14245416649891474 0.037109684624102635 0.029367119589676388
5 0.20197090032840037 0.1760478202374221 0.03292088119905834 0.02387393466276458
5 0.27739531049931143 0.03770043268139076 0.04054241276346193 0.04352793366270365
5 0.5001122230869504 0.10304443091246106 0.04997193586258469 0.048385937347914215
5 0.4249443533170849 0.7125841927277797 0.057454788004576374 0.05176536321889569
5 0.5363185917057943 0.9274880237856908 0.06315301425869868 0.03992722197307408
5 0.4205795191166273 0.9863257716725137 0.06089961142967959 0.027348456654972653
3 0.8597176432644928 0.04946698051174345 0.06478984614908245 0.05387623549414234
0 0.9140386525601507 0.04991412181844683 0.1719226948796987 0.09982824363689366
0 0.6214607039758238 0.13206864383028127 0.3087825249057476 0.1250293268694965
0 0.627588190692888 0.8636340792618092 0.2393986249009461 0.21318826312490669
0 0.4859114370169995 0.9643465457800341 0.2062339429720036 0.07130690843993182
0 0.5579423285033493 0.7044073152472686 0.3165629943445535 0.13094503500731025
0 0.2570721971884359 0.19536965149625235 0.1388919988040716 0.06632424193065986
0 0.36265952719197025 0.056061815698647606 0.2044584316592079 0.08152214007363608
0 0.22440530918735135 0.14782698423667676 0.15866415534475062 0.05363623211049423
