3 0.6753234286469014 0.8658099196092437 0.115865160580504 0.12341909461443634
3 0.6948814130181729 0.48563206314559787 0.1580370802383536 0.13321849115648898
3 0.5332455670880719 0.8290893732080591 0.06929634619389335 0.06983502497854022
5 0.778759196780137 0.10472691774504087 0.14736424068634635 0.20945383549008173
5 0.7735214295900049 0.32362794640943704 0.1353434492045531 0.13642287861532626
5 0.6768120719233109 0.6246335883986076 0.11800165377426408 0.10801952152646177
5 0.6118013672556522 0.7169423566567801 0.08121476758259494 0.08688021810804425
0 0.3720286189526339 0.9039527439049732 0.7440572379052678 0.1920945121900537
0 0.2981769326726226 0.8116681851502561 0.5459967969287967 0.08199028696212685
0 0.38807958534606407 0.4928032741843723 0.7761591706921281 0.26480621338046867
0 0.4266080823493207 0.2820906545277582 0.8532161646986414 0.2130521715422261
0 0.42298888328733464 0.09661487522037479 0.8459777665746693 0.19322975044074958
0 0.36142937123470265 0.6496248111283953 0.7228587424694053 0.1812180223385752
0 0.32512517441387867 0.7265850037655073 0.6502503488277573 0.11298479759790736
1 0.40285182552120746 0.2739550106414067 0.4251522690758631 0.21068456241389327
1 0.3030078811669735 0.08100898272165477 0.606015762333947 0.16201796544330954
