5 0.5125 0.570866 0.06874999999999998 0.05118099999999992
5 0.334375 0.575787 0.07499999999999996 0.05315000000000003
2 0.885156 0.5511809999999999 0.073438 0.047244000000000064
5 0.957812 0.543307 0.078125 0.07874000000000003
1 0.5101559999999999 0.418307 0.12656200000000006 0.1791339999999999
1 0.32890600000000003 0.411417 0.12656200000000006 0.18110199999999999
1 0.94375 0.309055 0.109375 0.318898
0 0.32890600000000003 0.30905499999999997 0.15781200000000006 0.5944879999999999
0 0.51875 0.32874000000000003 0.13124999999999998 0.555118
0 0.921094 0.316929 0.15468799999999994 0.535433
