3 0.42269580027663456 0.831427501311258 0.08106592079428065 0.08392011759376083
4 0.371329305559442 0.7092737845781237 0.0613391256131271 0.06290857029651753
4 0.3236093487456611 0.4039589478986011 0.07507448333456057 0.060979684324781847
3 0.27358084613253975 0.32058507704782974 0.05119352621250359 0.0492264068427658
4 0.23520441839958892 0.26499705825526076 0.08636383285805166 0.08323557052227024
0 0.659579046055262 0.7648169601967023 0.5790205546129238 0.23328016875984048
0 0.6038727726512735 0.6524923477200708 0.5263633277968125 0.20780520928802415
0 0.5493095089117692 0.34501200568401696 0.5709847536943463 0.23187060132812212
0 0.4767133545278287 0.2785997198021265 0.4817409471465895 0.18373886249523744
0 0.4822474962084123 0.1747851529206101 0.6314048630305379 0.27867972122371965
