4 0.5653956798009931 0.7781102345851643 0.022555555244557213 0.0225555552445571
5 0.7428729407247493 0.6501198718633601 0.046043752782058744 0.03415387722327834
4 0.4824318996956011 0.7501582854715086 0.12693868488420285 0.0479453615933656
3 0.748693006838869 0.5447713912623218 0.04986941101208875 0.04043130329839073
3 0.7756122237915521 0.5200480401901282 0.028750472239846503 0.02614974922540525
4 0.7857668829018314 0.43577601075075273 0.052130498462016006 0.03362752702220939
3 0.7677079141423933 0.30918110617664823 0.04589950897560968 0.028659232218588238
4 0.8163841048526396 0.17712241157964315 0.05868690411662869 0.05095835659379272
0 0.6033943462281124 0.16843786929883414 0.47020306369108633 0.15579208767762318
0 0.6224519776267794 0.28028184544121026 0.3368530961019206 0.09601056459637392
0 0.5238560571070571 0.4289004046960285 0.34367908552017634 0.1236440502585428
0 0.7372957157927932 0.4204134989007704 0.15310267658492482 0.06853723147019081
0 0.5786835717974816 0.5279364424302526 0.3768583788090188 0.08607905480794864
0 0.6821372565033174 0.6364975273194939 0.1675619577571863 0.10803895844279765
0 0.5171019066539291 0.7792476745815213 0.11749420574147823 0.06005229847715754
0 0.3955592773132557 0.6616209744208008 0.42451178061704226 0.22803306371893062
1 0.7142198886148646 0.18234409218073788 0.16069989584781408 0.07903137195785584
1 0.6820154067258003 0.268786491975672 0.12474886327330825 0.05749731643608355
1 0.5502116791935776 0.6350963876272799 0.12217224455312076 0.14528340953694874
1 0.5048644381401207 0.7799574860563578 0.07581703700313724 0.05278120566818034
