5 0.4493293604510904 0.6129443243029623 0.027232529083909163 0.02881264025374919
5 0.3889358741873572 0.1329360348738653 0.011083977869922101 0.009108483347052637
5 0.3934259110402443 0.23095510623086923 0.011101003277301458 0.009915564339352145
0 0.41887703530592857 0.2316290105287007 0.06691459648632025 0.01674073343535948
0 0.41073774535754565 0.13287948017480428 0.059701217332225776 0.01900873242144388
2 0.4452813566277922 0.5645782210928044 0.023498133627117057 0.02389280585900777
2 0.4504579345285712 0.52288185632138 0.025936402011394744 0.024750963073445487
2 0.45117513645258844 0.49944878243481416 0.0233448896363031 0.016628350482775056
0 0.5590808211126431 0.6191075975338318 0.24438088681735692 0.05356361834899925
0 0.5554087539714376 0.5311653630244426 0.23580327896123027 0.04854161618558228
0 0.5130997233981648 0.5639550299456397 0.1520747473289808 0.03790069293038967
0 0.5435415307400664 0.48538725377636877 0.21407801446205 0.05131020818233811
