5 0.7569440000000001 0.208496 0.06597200000000003 0.063477
5 0.838542 0.2861330000000001 0.05555599999999994 0.06640600000000002
5 0.9131940000000001 0.4257810000000001 0.06944399999999995 0.068359
5 0.9696180000000001 0.496094 0.05729200000000001 0.07617200000000002
5 0.674479 0.645508 0.04340299999999997 0.04492200000000002
5 0.699653 0.775879 0.04861099999999996 0.04394500000000001
5 0.532118 0.894531 0.02604200000000012 0.017577999999999983
4 0.560764 0.7006839999999999 0.03472200000000003 0.022460999999999953
1 0.572917 0.20654299999999998 0.15625 0.067383
1 0.5972219999999999 0.30468799999999996 0.22569399999999995 0.103516
1 0.611979 0.41503900000000005 0.276042 0.054688000000000014
1 0.6527780000000001 0.511719 0.30555600000000005 0.09960900000000006
1 0.5277780000000001 0.65332 0.125 0.0625
1 0.460069 0.7099610000000001 0.10416700000000001 0.04101600000000005
1 0.549479 0.7846679999999999 0.16840299999999997 0.06933599999999995
1 0.4600689999999999 0.899902 0.07291700000000001 0.04199200000000003
1 0.46614599999999995 0.974121 0.06423599999999996 0.04003900000000005
0 0.467882 0.19873 0.6336809999999999 0.08691399999999999
0 0.49305600000000005 0.290039 0.7430559999999999 0.09570299999999998
0 0.673611 0.414551 0.538194 0.06738299999999997
0 0.516493 0.518066 0.9600690000000001 0.124023
0 0.44531200000000004 0.6450200000000001 0.49826400000000004 0.07519500000000001
0 0.42187500000000006 0.707031 0.31944399999999995 0.04492200000000002
0 0.452257 0.792969 0.5399309999999999 0.09960900000000006
0 0.42013900000000004 0.894531 0.24652800000000008 0.05468799999999996
0 0.421875 0.97509775 0.2395830000000001 0.04980450000000003
