5 0.798689 0.7732559999999999 0.04681600000000008 0.034884000000000026
5 0.787453 0.7003170000000001 0.04681600000000008 0.034884000000000026
5 0.749064 0.6326640000000001 0.05618000000000001 0.034884000000000026
5 0.789326 0.499471 0.035580999999999974 0.041225999999999985
1 0.703184 0.795455 0.110487 0.04545500000000002
1 0.684457 0.715645 0.09925099999999998 0.059196999999999944
1 0.6563669999999999 0.6305499999999999 0.106742 0.05602499999999999
1 0.6638580000000001 0.49207199999999995 0.12172299999999991 0.05814000000000008
0 0.6189140000000001 0.790698 0.38764 0.05708200000000008
0 0.626404 0.720402 0.35393299999999994 0.07082500000000003
0 0.606742 0.618393 0.3220970000000001 0.09302299999999997
0 0.632959 0.48572899999999997 0.34831500000000004 0.07505300000000004
