4 0.3217172602830376 0.7869778892083255 0.11625079226286128 0.13818496416118886
4 0.37684669663037984 0.155619325312839 0.06183956619388292 0.08284930209614828
3 0.3802989441474253 0.6079042736274731 0.10046069909111288 0.11238221046360553
1 0.6172440091942977 0.6425588453919108 0.27367309937497275 0.17090742451715468
1 0.5972638894257369 0.15967274093443753 0.2578317836174758 0.18790310354872036
1 0.6378032561623158 0.30314159360345977 0.23681010742279462 0.16851989733264172
1 0.6066467187561536 0.8281494899390933 0.34299426423399604 0.23847206577912872
0 0.6675379554298569 0.15848841578575243 0.6649240891402861 0.22994223619115334
0 0.7035731324612243 0.3037599979719957 0.5928537350775513 0.16635049263034168
0 0.6933128991218793 0.4620196543952371 0.6133742017562412 0.22156155795785104
0 0.6616388224598044 0.6526514609019479 0.6767223550803911 0.22034244330084385
0 0.6328996920701896 0.85034561827814 0.7342006158596208 0.286438842362682
