4 0.397967 0.3752829999999999 0.034638999999999975 0.032240000000000046
4 0.559488 0.3815049999999999 0.030120000000000036 0.031108999999999942
0 0.39552 0.538744 0.050827999999999984 0.3704750000000001
0 0.5626880000000001 0.51612 0.061370000000000036 0.30260200000000004
5 0.917545 0.41826899999999995 0.012047999999999948 0.01413999999999993
5 0.7505650000000001 0.410633 0.009413000000000005 0.012442999999999982
0 0.803652 0.43665199999999993 0.010166000000000008 0.028281
0 0.8158889999999999 0.43749999999999994 0.014306999999999959 0.02997700000000003
0 0.7466109999999999 0.427602 0.015059999999999962 0.04411799999999999
0 0.908697 0.46210399999999996 0.032003000000000004 0.11312199999999994
