4 0.22370399999999996 0.182917 0.13333300000000003 0.13083299999999998
4 0.176296 0.49375 0.13333299999999992 0.13083299999999998
4 0.20148100000000002 0.332083 0.13333299999999992 0.13083299999999998
4 0.20444400000000001 0.622917 0.13333300000000003 0.13083299999999998
4 0.148148 0.779583 0.13333300000000003 0.13083299999999998
0 0.57037 0.160833 0.8148149999999998 0.18999999999999995
0 0.534815 0.32 0.8148149999999998 0.19000000000000006
0 0.525926 0.4625000000000001 0.8148150000000001 0.19000000000000006
0 0.534815 0.628333 0.8148149999999998 0.18999999999999995
0 0.496296 0.788333 0.814815 0.18999999999999995
0 0.493333 0.786667 0.8148149999999998 0.18999999999999995
