5 0.615285939580879 0.7230714456092362 0.08609966676582603 0.10826429699523299
5 0.4936857279466662 0.8019530478339298 0.07528803344837431 0.09640335654115395
5 0.4306483316947516 0.6988215606437475 0.07838691584599994 0.10553518839385956
5 0.30763987679845395 0.701050826209948 0.09619076848810953 0.10891276764892521
5 0.21254578799649024 0.7320942384823278 0.077413317778876 0.10993957269221433
5 0.009105368653220059 0.6888633584893666 0.018210737306440117 0.10345455044617802
0 0.6516783947935606 0.3890611588770135 0.21662047107357796 0.778122317754027
0 0.7438050853936313 0.5759558325322345 0.07448802908088792 0.35764797922789027
0 0.8980951947146516 0.28747150955177947 0.2038096105706968 0.5749430191035589
0 0.059588817440727415 0.3684713790616814 0.11917763488145483 0.7369427581233629
0 0.3054850718077204 0.3778745731832762 0.21298027843809297 0.7557491463665524
0 0.4648585694113424 0.37105327206510463 0.23590413254631448 0.7421065441302093
0 0.515757919221735 0.6851500773809118 0.1339931087208615 0.32573869026527047
0 0.21541951180045205 0.3963013622774586 0.2073589233550576 0.7926027245549172
