4 0.5899870391557751 0.34638909929626804 0.01788677036173969 0.017480495939303398
2 0.5371998134285868 0.35411262088878487 0.020677259051453012 0.015394688413059354
3 0.597390641269842 0.4036802794949522 0.0206772590514529 0.015394688413059299
5 0.5516265616651121 0.41293383162793607 0.020684401551778753 0.016447109797776804
5 0.5729973815473702 0.46118725642612807 0.021626805282669137 0.017505878548426668
0 0.470365812992115 0.35930029950849585 0.15455945953349515 0.038396072265103165
0 0.5286860660175348 0.3399660984938082 0.15727956063970688 0.025790097751607732
0 0.4749536967150553 0.415295506929352 0.17041862040918626 0.03271767301806139
0 0.5642016013379453 0.4054842293534189 0.09090248392263556 0.02849572319625676
0 0.5024437568350104 0.4695565786623924 0.17052929489120172 0.049025154474536536
