5 0.31728500949338645 0.4987558368292108 0.07436021890773631 0.05972064752595163
5 0.39786623298980284 0.6008579952735054 0.07468012339890256 0.058342905824262825
5 0.26983717456425327 0.7157808968495173 0.08211663522466028 0.0669861008276793
5 0.472738144997338 0.14041990659175557 0.06999850960224935 0.047467919104638115
1 0.4735242726075658 0.20818039380007025 0.0962225696113897 0.0918535241824597
1 0.2290909163804107 0.4771631654244424 0.12961665867452082 0.1011051929204444
1 0.4710454336070628 0.5517110298944061 0.15538263866522029 0.10895073096407482
1 0.27191107701110195 0.7572184190830151 0.15448350151301815 0.09998543925661829
0 0.46135017935818623 0.18785854170358607 0.18110151704167604 0.18332340198321886
0 0.27357449193390304 0.481875972027249 0.21794541269180812 0.1477756475305948
0 0.47639214772732097 0.573910349091137 0.2163513669817092 0.1813779872975383
0 0.2835836621613946 0.7252314086803349 0.22885899833994372 0.22381976796280278
