5 0.453954888197385 0.8756857689880868 0.032294113655038426 0.04062555715149718
5 0.49309416350446283 0.7940941640647632 0.03321423989301919 0.03518828316443923
5 0.45577595484491407 0.7620084288667346 0.04412952640491663 0.04351876845176372
5 0.48020226328179344 0.7054630514683058 0.027315009115359 0.03413450099127768
5 0.43563962722759464 0.656416398733483 0.029659789861003982 0.03424239031251464
5 0.4680047769908705 0.5936100405045832 0.027603748881547208 0.040409741547967726
5 0.439733252718166 0.54106155586952 0.029984640578493538 0.04130243757989149
5 0.46812000028173784 0.48119049048093576 0.028271209343585457 0.029481230432705063
5 0.5041306928789447 0.4976134623323542 0.030038473595798643 0.017037835358360787
5 0.49456119588121994 0.5577988030918404 0.019412767093346106 0.014983430870982972
5 0.44075056525189105 0.42270480386227915 0.031049136699568214 0.03900278387117845
5 0.4583943939455767 0.3719743685168214 0.03086865586517279 0.03508035688214656
5 0.4782566704969362 0.31839042528602435 0.02816295041179262 0.027128416865047023
5 0.4172224048657922 0.2689223741802084 0.0362456363071455 0.050201110692172285
5 0.4255024597573538 0.19346707507055633 0.03620952535584426 0.049416303981485415
0 0.644109199796695 0.8708670172157007 0.4311128893900087 0.1122060456278845
0 0.5009331000984583 0.7984506743080868 0.060547008035437555 0.04427417850570026
0 0.6469578852928517 0.7539981306359128 0.4211899510186946 0.10000789977487545
0 0.5465127337572631 0.7035912381069157 0.1886572248040243 0.056430810070444926
0 0.635328721052712 0.6417253331051729 0.43867192877029043 0.09846365612009889
0 0.5420278142113092 0.5933483155402132 0.16172152928169808 0.05597457541793438
0 0.6330081014180076 0.5274520942282014 0.43959205500827114 0.09302638213304082
0 0.49752761271988166 0.48180233468886097 0.12349262983382525 0.0643916441111071
0 0.6371739488111814 0.4136668647856123 0.42151480173618405 0.10706794704225236
0 0.6374710121547722 0.3562667720830445 0.39097099658850054 0.07904763742748278
0 0.6396708301201406 0.3019233919081579 0.3507391228573305 0.06936822145572352
0 0.6172632659170515 0.24910509156736366 0.43686778724563013 0.11012301080490217
0 0.6167293529493307 0.173662715122616 0.43988081325498696 0.0993020243308315
