4 0.3202201988658596 0.7204014870603428 0.08329603958093151 0.08336124800836797
4 0.34326401303465215 0.6184100288188789 0.07434425475247514 0.07430049646564263
4 0.38021231895686924 0.8441928392659264 0.0433098025188729 0.03960321822248025
4 0.4007857616460331 0.8673275312062141 0.04130500164334161 0.028437491297739093
4 0.41581445658974625 0.5360431934060689 0.03284530347603365 0.035723054339483085
4 0.4216634582641856 0.41428363794630774 0.03263752543397641 0.0313977073070581
4 0.41088230183963814 0.5803809191379825 0.03699883920376951 0.030482286488236254
4 0.4395624818293261 0.3978970014546682 0.025664849572217763 0.020744187317631557
4 0.43785965419380873 0.3750093345823966 0.03268746280044077 0.026334789159123184
1 0.5009080293116137 0.3645622662008983 0.08945421130201231 0.04650931380130585
1 0.501158653575965 0.41461532055237255 0.09335007491733854 0.04200701836730525
0 0.5414399700333261 0.37140925326573737 0.24140640098102978 0.061313594485669975
0 0.5465995263261199 0.41755159812960174 0.2791932990888789 0.05318517962195368
0 0.5369345259719989 0.5297037667855706 0.2786442693728767 0.0601007988361868
0 0.4523500368120639 0.567766141107362 0.13058421909274365 0.06518274039076688
4 0.41648980009405495 0.660188518176824 0.020922807106800723 0.025957584109401077
0 0.5290274538179947 0.8908274230606112 0.30790684553237196 0.07013632696376892
0 0.5592573942597566 0.838846375308838 0.4080307455707706 0.07588389837213894
0 0.6430105872990436 0.6184841268525936 0.6968990733410563 0.18375422371357075
0 0.6223555154739424 0.759794383634439 0.7241887315127312 0.17718526394444656
1 0.4660677495029642 0.8810177092069769 0.10795760604701565 0.052651421518964514
1 0.4769438036876117 0.8388499663675849 0.104795759485583 0.060191479107741364
1 0.5556805885138953 0.7505596206991969 0.2745094981555473 0.13907416838672704
1 0.5809740255650808 0.6232324865114567 0.29927775377286603 0.15339620552983702
1 0.49460563941848584 0.5203204884697905 0.10624526137627244 0.053694990913038976
1 0.46022095151582637 0.5697459342024547 0.0734637586695106 0.04986860400497317
