4 0.10034680575178738 0.9801491407878966 0.09334837620715483 0.03970171842420689
4 0.09132619119610272 0.7433004965178174 0.08833703661436565 0.08948965832790357
4 0.5475929422905185 0.41762522448875905 0.09000667509431604 0.08661373451254856
4 0.5314419111056333 0.28434934704826487 0.08272512256426823 0.08778164956945253
4 0.07084213184939073 0.9163635929641618 0.07537873966470239 0.07200940801342404
5 0.11786483471454859 0.8777010312265447 0.06689761919688696 0.05250881923966355
5 0.2975358442946171 0.9944307677504269 0.2859686208316913 0.011138464499146017
5 0.314302162899223 0.8366327646782497 0.28770308968116 0.19246803679112456
1 0.4067707489860349 0.7241906068232619 0.27755196183301434 0.1758421597562505
1 0.5081394517289779 0.0465283271340081 0.23432992414159232 0.0930566542680162
1 0.4433816957496442 0.8530074851962285 0.810608537143049 0.293985029607543
1 0.6694184474785791 0.5260144106198489 0.5005628148850281 0.30632033928318075
0 0.6915085270121923 0.3778903141760056 0.2841376969163697 0.1389301267649955
0 0.7332492948596868 0.27773473108707025 0.5335014102806264 0.3492784712252397
0 0.6026680897353197 0.11582834458208036 0.7468366527886356 0.2316566891641607
0 0.18967358843829274 0.6367239365313727 0.10797631163676882 0.09546695118172255
0 0.5260148319770872 0.7604830261874977 0.7853889727668837 0.330404409783155
2 0.30289448657251816 0.9785543157664747 0.48400908145108823 0.04289136846705066
0 0.18053323729666768 0.9414602665973733 0.28246805843641937 0.1170794668052535
0 0.2129916230252611 0.9025782207839299 0.2650341659817568 0.12634771970200076
