2 0.6875 0.21125 0.06166700000000003 0.10250000000000001
2 0.478333 0.5725 0.07333300000000004 0.14999999999999997
2 0.555833 0.2375 0.05833299999999997 0.05500000000000002
2 0.39416699999999993 0.20875 0.07166699999999998 0.10250000000000001
3 0.461667 0.2 0.06333299999999997 0.07999999999999999
1 0.468333 0.405 0.10333299999999995 0.21999999999999997
0 0.694167 0.27125 0.098333 0.23249999999999998
0 0.560833 0.2975 0.09166699999999994 0.17999999999999997
0 0.41666700000000007 0.7437499999999999 0.22666700000000006 0.4774999999999999
0 0.340833 0.55625 0.151667 0.8074999999999999
0 0.464167 0.33875 0.10499999999999998 0.35250000000000004
0 0.38749999999999996 0.40375000000000005 0.065 0.31250000000000006
