3 0.955882 0.251961 0.02058800000000005 0.017646999999999996
5 0.8897059999999999 0.247059 0.023529000000000022 0.019608000000000014
2 0.799265 0.277451 0.02205900000000005 0.025490000000000013
2 0.746324 0.281373 0.01911799999999997 0.013724999999999987
2 0.6683819999999999 0.401961 0.07499999999999996 0.09411799999999998
2 0.259559 0.387255 0.051471000000000044 0.07647100000000001
2 0.18455900000000003 0.360784 0.05735299999999999 0.05882399999999999
2 0.09705900000000006 0.592157 0.04117599999999999 0.04313699999999998
2 0.44338200000000005 0.535294 0.04558799999999996 0.054902000000000006
3 0.838971 0.354902 0.08676499999999998 0.08235300000000001
3 0.37058800000000003 0.358824 0.07352899999999996 0.054902000000000006
0 0.958824 0.318627 0.050000000000000044 0.178431
0 0.8948529999999999 0.310784 0.04264699999999999 0.14705899999999997
0 0.8 0.35490200000000005 0.04117599999999999 0.176471
0 0.746324 0.356863 0.03970600000000002 0.18431399999999998
0 0.889706 0.653922 0.12941200000000008 0.676471
0 0.660294 0.67549 0.13235299999999994 0.6333330000000001
0 0.448529 0.594118 0.07058799999999998 0.15686299999999997
0 0.3779409999999999 0.609804 0.09411800000000003 0.5490200000000001
0 0.25441199999999997 0.576471 0.097059 0.46666700000000005
0 0.16617599999999993 0.568627 0.08235300000000001 0.44313700000000006
0 0.06911800000000001 0.576471 0.07352899999999996 0.35294099999999995
