5 0.638095 0.32499999999999996 0.019047999999999954 0.020000000000000018
5 0.627381 0.485833 0.026190000000000047 0.018333000000000044
5 0.6464290000000001 0.664167 0.026190000000000047 0.028333000000000053
4 0.522619 0.7308330000000001 0.03095199999999998 0.028333000000000053
1 0.689286 0.314167 0.05476199999999998 0.025000000000000133
1 0.665476 0.474167 0.05476199999999998 0.02833299999999994
1 0.6880949999999999 0.6891670000000001 0.04761899999999997 0.03500000000000003
1 0.585714 0.744167 0.06666700000000003 0.03833299999999995
0 0.671429 0.32 0.10476200000000002 0.06333299999999997
0 0.663095 0.48 0.09761900000000001 0.040000000000000036
0 0.679762 0.680833 0.07857100000000006 0.05166700000000002
0 0.622619 0.744167 0.24523800000000007 0.07166700000000004
