3 0.9934393561953438 0.3960243228562226 0.013121287609312304 0.06904351606733128
3 0.9288914049911956 0.4143271556849693 0.06305474636353814 0.0630823519685565
3 0.8529863217925899 0.3721506644736855 0.06603735366486863 0.07286681303972325
3 0.7875385949193141 0.42948230188342296 0.06790039404971748 0.06949900954032845
3 0.756997442178531 0.36879129064810134 0.06271294406140104 0.06117121284779792
3 0.70526254253397 0.42660211093944034 0.05379904890860854 0.059576985692308015
3 0.6898614772919327 0.3804535341022761 0.05292748867897201 0.04091905049596872
3 0.6218447001423192 0.34560570613963293 0.062370959561874884 0.05925905499616463
3 0.5417568003644453 0.35988220339896826 0.05625189828243948 0.05261465068789406
3 0.4978501557073944 0.4033138789393572 0.0667209582691427 0.07668909128124074
3 0.45645496189319357 0.3298331164440025 0.0660974047263509 0.05252548545912389
3 0.38194339441080855 0.33129998796839855 0.06398635765465721 0.06139895958429631
3 0.3007435479599796 0.278315194102579 0.06109754596861877 0.05903130825966596
3 0.18614947782076963 0.28346194742706576 0.07255826830792345 0.06108102888815292
0 0.14346726171611204 0.5184395792605045 0.1954416859080358 0.5345029286123417
0 0.2524849995598334 0.526102451670957 0.21109819588305542 0.5669051658982188
0 0.3367312233965437 0.5510320707192782 0.1761525263838322 0.5162510706100418
0 0.40919179486871726 0.5610330526503089 0.14397538425029327 0.5086462630768188
0 0.4621285355810677 0.6030462542143854 0.15139416563065738 0.4674189492138529
0 0.5053345211595506 0.5782279312559505 0.13996737004255178 0.4931283846433761
0 0.5763978578924348 0.5850195656702206 0.1805963207063921 0.5410979166416543
0 0.6532814501898054 0.6253987911289951 0.16907554730560503 0.559389523593766
0 0.7395918232905636 0.6645045163312469 0.16733260904372083 0.5220746719319624
0 0.8144490942955436 0.620691471736298 0.1818096832381656 0.5616669909587519
0 0.8833674572055349 0.646824281556403 0.17888730919570683 0.5315422210378606
0 0.9353652813326798 0.6534375855131329 0.12926943733464036 0.592525436098972
0 0.7489174614811076 0.41764328651919613 0.08179546169609586 0.1885454997687564
