5 0.2551100351904819 0.19726554643369454 0.10183765147462245 0.07284758351781928
5 0.16204904015904825 0.36943927617288363 0.09771097338982958 0.06355866218781347
5 0.3484644001699477 0.2683993800515983 0.062321782481908006 0.06704116922484316
5 0.2592100261140534 0.38522695401830764 0.06753257104218638 0.06491265216190162
1 0.4477065894811362 0.15228392397666685 0.2542589466959866 0.11405638189223143
1 0.5064258848022072 0.24325935142360927 0.23450390276960575 0.1299657959427385
1 0.35735476136914557 0.3550749225186606 0.25078172657106407 0.09039197078028494
0 0.5200790384654576 0.43489092828899356 0.5992668640912997 0.18790490315209135
0 0.3535515518575116 0.38095787217235205 0.4833246513932955 0.1694214017416923
0 0.589799106316684 0.2645758685025933 0.545426586803843 0.2161709784066081
0 0.5231533348630913 0.17847957159450828 0.620109278819566 0.17939072623719643
