2 0.786359 0.6825 0.028185000000000016 0.03499999999999992
2 0.45603199999999994 0.4775 0.05073300000000003 0.041000000000000036
2 0.48252500000000004 0.44499999999999995 0.038331000000000004 0.03600000000000003
2 0.47463399999999994 0.31349999999999995 0.04284100000000002 0.04500000000000004
2 0.520293 0.21400000000000002 0.04847800000000002 0.08599999999999997
0 0.6865840000000001 0.6739999999999999 0.23449799999999998 0.08599999999999997
0 0.312852 0.486 0.34385599999999994 0.06800000000000006
0 0.351184 0.438 0.31003400000000003 0.061999999999999944
0 0.34667400000000004 0.3120000000000001 0.3213079999999999 0.07999999999999996
0 0.282976 0.21650000000000003 0.5050730000000001 0.11699999999999999
