5 0.8347057435154588 0.19620606641434918 0.0773297772648418 0.0662972688996033
5 0.45284214695044245 0.15588116404437624 0.10546945677639985 0.11295611790641874
5 0.2836290494417222 0.2924865389137886 0.05286646496681141 0.04979866358508189
5 0.09705476072723251 0.26473380205429886 0.08144090859866422 0.07910788139915137
1 0.8814138510583209 0.36168872658826634 0.10478836602664876 0.2227635452888806
1 0.5153594082403721 0.3743337712830348 0.15386247908373707 0.28125965610792464
1 0.30392530605614654 0.4677657773965105 0.11464624363621659 0.20310038900291955
1 0.1098979175337497 0.4542493978875489 0.10629503727258259 0.2310803270160547
0 0.8789135812170061 0.44016693024394893 0.19854799472422446 0.5574821183405814
0 0.5263866958008289 0.46682502910290535 0.2794668617966873 0.7571517974774491
0 0.3202188251634782 0.5471342186743753 0.1860986160265621 0.5579079717681932
0 0.14145583749838292 0.530850937514121 0.20759051725695293 0.607383260829752
