4 0.6151442994306618 0.2334190203284338 0.06877630728774942 0.07540702126070187
4 0.6194340321936076 0.37755795971118344 0.08253224388382463 0.0709416855067006
4 0.6028912192079852 0.4951433198734872 0.08532367410299335 0.07180641923746622
4 0.6042876800809096 0.540005713922936 0.07615386516779399 0.05849461258176192
4 0.5259423244201259 0.5855540150889447 0.07774721826278114 0.07993054112993014
4 0.5019245384544669 0.7865110710063485 0.11462931543077604 0.09310148014458519
4 0.04899229830855343 0.95509344054994 0.028906043079271013 0.028151353666386547
4 0.14805727020350157 0.4230049515548109 0.028506803641436068 0.035008804695453866
4 0.1724767900027285 0.3491146201324744 0.03388996666048216 0.027950784829632702
4 0.15862204848494527 0.36915370188213253 0.037279175466976844 0.030745196048006407
1 0.21683463405608702 0.3639145627849457 0.05681571219175696 0.03679725573133591
1 0.20706678942784926 0.39050810517427886 0.06080341720693094 0.041523660976918286
1 0.1971992387138154 0.4371708002353456 0.06658481679475947 0.05204025695512521
1 0.08049097535178985 0.9669672789684467 0.042860877635513994 0.032474304698861256
1 0.771340876163932 0.2722851758033732 0.1893875671939499 0.13894809215397833
1 0.730477144890862 0.39926284580201404 0.1706483510750394 0.11918077160183682
1 0.7603830592017036 0.5100809677014768 0.1838065090837887 0.11278575836022753
1 0.73087962448777 0.5707595974811475 0.17104679105375042 0.11232412003189307
1 0.6412705143457401 0.6032979241110439 0.154899463135465 0.10906647156693705
1 0.6175522335901331 0.788478707467113 0.1788207831744013 0.1374191935292004
1 0.08188553219157374 0.9673992870231529 0.04445639186935418 0.029478525184610027
0 0.2594958142723095 0.3644359841467549 0.15529854717255215 0.07777659485409705
0 0.24085705000253527 0.39991827714627914 0.17423846357980668 0.08189933586049519
0 0.2274029096023161 0.4581628707530718 0.2071306945937746 0.11477557769198676
0 0.7831016766189399 0.2787288397240744 0.43379664676212015 0.2480292633910477
0 0.7877882681312474 0.41904722903069486 0.4244234637375054 0.18826718048676583
0 0.7862944289398196 0.5259458541107905 0.4274111421203608 0.18187216724515642
0 0.7472275509894348 0.5821709981121954 0.36881078449026283 0.15613547053550791
0 0.667486480219067 0.6272869324128212 0.36243075884680376 0.19255368962656128
0 0.5836613657655627 0.7843270538084397 0.3095992288516388 0.20934545580652175
0 0.09115494550760501 0.9226674277194946 0.10286761829495125 0.0632800014016951
0 0.07829768253062368 0.9626565416228688 0.1325713407907684 0.07468691675426231
