5 0.6383030683525861 0.5135575147747844 0.02863706365879448 0.024423759941178957
5 0.6612106958411457 0.2886012534077942 0.03622130360289255 0.016839519997080776
5 0.7165504086694949 0.28916091289670204 0.04182617237961361 0.019916553169427753
5 0.4370084726380189 0.3351933015341214 0.03411987083373974 0.025693263398508748
5 0.3521997905806775 0.30722438185968304 0.026169446084313985 0.02785491419755537
5 0.45915415892686373 0.2962900233442811 0.02748878248557335 0.02074764316358385
0 0.6642709836284268 0.4785438947989647 0.07900943460566479 0.10428999004233364
0 0.7158285009797749 0.2527990827395512 0.06519800724801383 0.0862652589670671
0 0.647714804768851 0.2531925748465754 0.06706654121724609 0.0872906923141909
0 0.46447797459506857 0.271230302986235 0.041140379018816786 0.06304999822900281
0 0.4398783362534042 0.32630902945891316 0.07227076575342539 0.04446237471238257
0 0.3275720293612752 0.25517695162716075 0.09693539220408443 0.14328319935980638
