4 0.339062 0.983203 0.0364580000000001 0.03203100000000003
4 0.340625 0.939063 0.022916999999999965 0.035937
4 0.317708 0.736719 0.043749999999999956 0.05312499999999987
4 0.403125 0.650781 0.09166700000000005 0.08124999999999993
4 0.3375 0.551953 0.050000000000000044 0.042969000000000035
4 0.332292 0.4 0.05833300000000008 0.043749999999999956
4 0.3520829999999999 0.245313 0.0625 0.09062499999999996
0 0.544271 0.9859370000000001 0.4593750000000001 0.026562000000000086
0 0.524479 0.923047 0.39687499999999987 0.08203100000000008
0 0.514583 0.745703 0.4375 0.07109399999999999
0 0.678646 0.6570309999999999 0.6302079999999999 0.08750000000000002
0 0.570312 0.555859 0.5218749999999999 0.09765599999999997
0 0.593229 0.410547 0.5802079999999998 0.12109400000000003
0 0.659375 0.24960899999999991 0.6812499999999999 0.11171900000000001
