3 0.8087354293467539 0.5089352992804266 0.11732729460799896 0.11263563177295599
3 0.6141130247786962 0.5519932075122382 0.06505049745274327 0.06040713732370162
3 0.37505597832105303 0.6467870284721479 0.11049658370092763 0.10526099039396186
3 0.07992892398792684 0.8507899252728137 0.15985784797585367 0.14016623472793965
1 0.04223560184457784 0.4616788094609666 0.08447120368915569 0.48449805975061966
1 0.2995528893915635 0.33470019961091035 0.19921792299874605 0.43765583070151043
1 0.577339331075462 0.36403402015432884 0.16066255419567216 0.23891398797593333
1 0.777636457934621 0.2343350021441098 0.19984933692123286 0.33452778183996357
0 0.07636300149056989 0.46776207289146277 0.15272600298113978 0.9355241457829255
0 0.3084494369606956 0.35340655299027485 0.27639230076005317 0.7068131059805497
0 0.5647594403363673 0.301487829720111 0.2564521789183429 0.602975659440222
0 0.7723002537423838 0.284234519503583 0.25853473775497016 0.568469039007166
