2 0.14329065083389828 0.5387538282751573 0.059035018262798764 0.04606466769342776
5 0.25574983878051644 0.505874297991889 0.048548960587128875 0.03752412369289004
5 0.3412582430556709 0.5296227949455767 0.045439272354594384 0.03700897249751156
5 0.40559262207071467 0.5558530812376787 0.04739010216921108 0.0305287242495762
5 0.4730172902002058 0.5634289690142765 0.037676616772153004 0.02665177987791445
5 0.791158796086969 0.662850259842574 0.07999743405509507 0.07221537935456634
0 0.18341777696634695 0.28489881323144195 0.21234232091440225 0.5697976264628839
0 0.3114595407121835 0.26346999684778344 0.15919579217185112 0.5269399936955669
0 0.385135201963582 0.2985101507436763 0.14951047273199825 0.5100787477879948
0 0.4492852047480907 0.33549095728398287 0.1308930070128168 0.4707096550043838
0 0.5110893247395589 0.35770839265904975 0.1293672615736804 0.44324320842650594
0 0.8410882889076499 0.4626876789616061 0.179083847417845 0.47869295338819157
