2 0.1886146876075239 0.9643389336484277 0.13628026975428859 0.07132213270314458
2 0.46809897125808875 0.9350288820469308 0.12099877378840196 0.12270141436811721
2 0.4989812727987972 0.7911327855670007 0.13409719890201915 0.12602391270824975
5 0.6710773533752596 0.7963225132859362 0.11881570293613264 0.12214766464476179
4 0.8323092942504429 0.8182231377454123 0.13191412804974967 0.12547016298489433
4 0.3232952837511704 0.8496517864208737 0.12973105719748002 0.12491641326153868
1 0.11611631402516731 0.6043896554550945 0.23223262805033462 0.5250855859255219
1 0.6108559416329333 0.42608675877213575 0.2507178087373563 0.4408343300041344
1 0.7496857989923198 0.446692243834123 0.2807606402360957 0.45458883817711987
0 0.14313874677518731 0.5201409105507644 0.28627749355037463 0.9597181788984713
0 0.24997143947905165 0.5560040266123849 0.30091268554971506 0.7111936683427054
0 0.44041689878887513 0.5373515831380472 0.3133925285263377 0.6315508800299598
0 0.41607980238879966 0.7528519268130903 0.2418790887919663 0.47846303399481016
0 0.6232234753864119 0.4840039697451507 0.3519547703615319 0.7272077928645622
0 0.7722927407483895 0.5037559757266671 0.3754443818872878 0.8037065526589743
