4 0.21259299999999998 0.753704 0.1259260000000001 0.06481500000000007
4 0.15777799999999997 0.27037000000000005 0.078519 0.08518499999999996
4 0.145926 0.08425899999999997 0.078519 0.05925899999999995
5 0.052593 0.04027800000000009 0.04888899999999996 0.047221999999999986
1 0.40370400000000006 0.8245370000000001 0.291852 0.119444
1 0.29555599999999993 0.22175899999999998 0.202963 0.14907400000000004
1 0.348889 0.09444399999999997 0.2859259999999999 0.13148099999999996
1 0.17259300000000005 0.03888899999999995 0.13481500000000002 0.0777779999999999
0 0.572593 0.80787 0.851852 0.19907399999999997
0 0.434815 0.22222199999999998 0.62963 0.20185200000000003
0 0.385926 0.1064810000000001 0.605926 0.12036999999999998
0 0.234815 0.04583300000000007 0.428148 0.08611099999999994
